0.37083333333333335,4.950401980903176,7.201784711790197
9.241666666666665,9.35511506214104,8.904516925424844
10.329166666666667,10.382592469881297,9.748648474222543
6.779166666666665,9.779307842386158,10.591273459485949
8.554166666666665,11.868764523275182,12.46332879603417
10.262500000000001,13.14292533044667,14.410118492122571
7.795833333333332,13.341453176894348,16.18389034265765
8.245833333333334,13.001110152038278,17.56863570507195
4.916666666666667,13.146633803153561,19.06678295074346
3.6875,12.220888948600363,20.696947924253376
8.600000000000001,14.656519697205951,21.679449168164723
8.012500000000001,14.888461304007878,22.325914722759705
4.941666666666666,13.39056553127263,22.72967418202592
4.2125,15.250175214934593,24.354287895895997
6.2749999999999995,15.339234264126182,25.918376102989857
4.816666666666666,16.911560555507567,27.481245878764657
5.170833333333333,16.868062829112617,29.350631167653503
6.241666666666667,16.97544183122935,30.076141531760086
6.370833333333333,17.423682923593855,30.40622021299711
2.779166666666667,15.546888867319945,30.654070427528936
7.466666666666669,20.337973942000687,32.23277794986724
6.345833333333332,19.274505717587992,34.045601867491236
5.3625,20.653569540345732,35.535646941101064
3.2708333333333335,19.638157200980725,37.384405708523744
2.0541666666666667,19.511224735326206,38.708720150294816
4.058333333333333,21.655220141144042,40.45119721288345
2.291666666666667,23.094104464409956,43.18789400231005
5.258333333333332,24.3993953182527,45.75974067031178
11.541666666666666,27.84791000256273,47.15402131119645
12.829166666666667,29.280640140711238,48.358036614224325
11.65,28.547720223849677,48.81489066891692
4.05,26.717406681801425,50.03347612084914
4.795833333333333,25.611629280004035,51.27470717344507
2.8958333333333335,25.671530495719384,51.85393334129541
6.941666666666667,26.867021010380828,52.42820728393762
5.283333333333333,29.503487017820447,54.07854216946888
7.645833333333335,29.159105369351238,55.81807970013596
9.316666666666668,30.007206958691782,55.937700979847484
2.3833333333333333,26.73121681297118,55.90335554175397
8.466666666666667,29.7530290451985,56.195103956106834
8.408333333333333,30.338418851096012,56.85602107282319
6.8625,29.789816951162663,57.27583318594869
11.729166666666666,31.49755305459924,57.36370292250476
6.066666666666666,31.02689863444378,58.11962707231567
3.8375,31.234118601950012,60.43770553399785
4.2749999999999995,32.35149577258819,63.05658193352833
5.270833333333333,32.14022445885323,64.65505913318003
7.675000000000002,33.10331235040714,64.94399095016726
9.879166666666666,35.674863228070016,65.73636337632516
6.312499999999999,34.42378124528664,67.0506159964163
7.875,36.923132094609024,68.92508763158614
10.016666666666666,38.69150482300033,71.24251372755771
9.966666666666667,39.30275021806141,73.04260491253301
10.35,39.57295795547049,74.40017689597549
8.395833333333334,40.57396874809964,76.10025121249967
8.979166666666668,40.89851945275595,78.04976552990861
7.620833333333333,40.95201832677089,79.6129825342945
6.679166666666666,43.13699228705007,82.29975443574513
9.083333333333334,43.781313788144956,84.87725702729618
9.358333333333333,47.52541680706177,87.7376175491579
6.166666666666667,47.95191742787526,92.18303125081978
6.708333333333333,49.507145947364386,96.33754885259822
6.625,50.49882930701216,99.93935647587621
7.375,53.000102208579534,103.50749411075797
9.166666666666666,55.7059875307685,107.33365602211573
10.958333333333334,58.95018632001766,111.55564712891744
10.083333333333334,58.93153629665077,115.17524105217252
8.208333333333334,56.84254775222658,116.64469132406056
9.25,61.15007475785195,118.847981958086
8.5,62.09709464987835,122.86289821848806
9.958333333333334,65.43800300743452,127.10047726317562
8.75,66.88761342633717,131.52895102219802
6.041666666666667,63.47790071416321,133.8978251402854
6.291666666666667,62.93123233554305,133.946387693657
6.916666666666667,64.44734895231208,134.33399126886164
8.416666666666666,67.54227340695533,136.6175898956516
6.833333333333333,67.13337489494607,138.95940433908007
7.291666666666667,65.9361297139025,139.62939793320012
7.333333333333333,66.94214371798793,139.82479354799736
7.875,66.65001617710122,140.28991418346112
6.0,65.29768591128791,139.71032362915943
7.708333333333333,68.57902389731173,140.9733021553864
7.666666666666667,71.27255459767095,144.04691703530733
6.25,71.36791100031152,147.40522689695558
8.208333333333334,72.26417534903702,149.65571984005314
8.791666666666666,75.77494419259308,152.60926831121313
11.458333333333334,74.64648456755718,154.39751759187953
11.291666666666666,75.21692583057053,154.18905533814953
9.583333333333334,77.37212255464964,156.2121963346665
10.862499999999999,80.20525474224534,159.84984971376417
8.308333333333334,80.37307966865387,163.76163148275995
7.083333333333333,77.3082126405468,165.2933415105864
5.583333333333333,78.43387313094685,165.88553525455765
6.833333333333333,78.89150880847461,167.46466103801538
10.125,83.82467503822197,169.87538534919352
8.958333333333334,80.41431704362033,171.12686360119645
9.291666666666666,79.69312221696146,169.81144988229067
10.208333333333334,79.95065126314297,168.7209756844715
9.625,79.9005259787531,168.0307357487116
8.458333333333334,82.6499418922125,169.51409348965743
6.75,82.23513470420635,172.26181727930248
7.0,82.23695207916295,174.09268957055815
5.666666666666667,82.24699265166494,175.14922433337122
5.791666666666667,83.72869217701316,177.01897005838725
8.916666666666666,87.52481852766591,180.14577316889302
11.458333333333334,90.47639378589747,183.66785176812098
12.375,92.71443582866118,187.1349909081401
14.041666666666666,94.85904917175367,190.5312096120277
15.541666666666666,97.37015758993242,193.91728803712274
16.25,99.22273916811292,197.27080972570766
15.291666666666666,100.25523068590313,200.55091089645126
15.416666666666666,101.47195547402048,203.7421144560474
14.875,102.76911396921872,206.85494053965485
13.791666666666666,101.30981938004646,208.74683092035843
12.791666666666666,100.89817751356031,209.2982368445721
12.458333333333334,101.35160746611842,210.37029329511589
10.666666666666666,100.73839524407737,211.16855761268167
10.875,99.69386901790388,211.46574033215848
10.583333333333334,99.80275920643817,211.02134339513557
11.35,102.12734885602568,212.08031635703492
15.233333333333334,105.50447951954538,214.50880586865287
14.708333333333334,106.79120446329169,217.13168258465728
12.5,106.67520325717545,219.57111325131163
10.833333333333334,105.00068106304214,221.11063740442032
14.75,106.92690609294537,221.5059901858707
15.520833333333334,109.06080100066589,222.7838937614587
13.083333333333334,107.11789665630698,223.6592611731618
12.375,108.36932278017231,224.66205811933696
12.625,108.41162547513166,226.21163410101303
13.333333333333334,110.52933188184379,227.8662899585785
11.5,110.64983242576791,230.13749878167187
11.708333333333334,111.16323582275676,232.21573036875762
12.666666666666666,109.18134637708026,232.27793299645882
14.958333333333334,110.07791830536975,230.85398615185682
13.041666666666666,110.69259246782501,230.69898894897062
12.625,111.26121584690452,231.86426862046133
12.166666666666666,111.15954998630185,233.05028273230195
13.208333333333334,112.21068503691885,233.9204373951594
13.541666666666666,112.61803359557985,234.84154692591576
14.416666666666666,113.50464490578089,235.65563513952364
14.875,115.28618211478185,237.21019466928922
14.625,115.3701168315464,238.8729177271713
16.583333333333332,117.57066159357255,240.43387695239508
16.916666666666668,118.78000145767506,242.4410352580395
16.125,118.93584292066943,244.27562853269842
14.416666666666666,118.74696650229862,245.77114753584098
12.791666666666666,115.99681183412652,246.07209971503778
18.291666666666668,118.8338438470084,245.47255373398806
17.708333333333332,120.97367392041231,246.19875141199427
16.416666666666668,120.83699346745226,248.01564176710198
17.241666666666667,121.85230473953045,249.75264969500665
15.741666666666667,122.01850367714144,251.4693947025004
17.875,122.13442259904305,252.27812748000898
18.291666666666668,123.7979295357104,252.97989950595493
18.333333333333332,124.62128706128824,254.57001075487224
14.541666666666666,122.86555166902565,255.74072052114118
12.375,120.41200942910989,255.69917607422522
14.875,122.49062005768555,255.79162707300102
14.083333333333334,122.89043357425886,256.6864977415617
14.166666666666666,123.660000703546,257.8997141600102
11.958333333333334,122.78798536917795,258.97063890035037
13.0,123.506004149758,259.8878485685491
12.458333333333334,122.59673399449173,260.2794368375865
17.958333333333332,125.87812134168978,260.307925268087
17.625,127.12827429903581,261.4025706260167
17.25,125.91572766202184,261.86784076050805
14.5,125.12464506803487,261.64180513001094
12.916666666666666,123.7807581615436,261.9435852050345
14.291666666666666,125.09402874615874,262.2419070251782
15.291666666666666,126.49679343620699,263.2870003616336
15.333333333333334,126.27284132809778,264.0502966501727
17.333333333333332,128.21070315152656,264.71086265474895
15.333333333333334,127.04426809457696,265.41775186915237
15.833333333333334,128.16197317736138,266.245115815524
15.166666666666666,128.56106336443986,267.51942078998417
17.958333333333332,128.21833927209394,267.761601338323
21.625,131.91329458209495,268.0417958336922
25.291666666666668,134.71152802117766,269.39341743892186
19.166666666666668,130.6997470570732,269.5327244292677
16.833333333333332,130.2201426152338,269.7702707693176
16.333333333333332,130.78488273024757,271.1024566121942
17.7625,131.52274048982937,272.1932660995917
20.625,133.71309636772102,273.3400267904565
18.541666666666668,133.87859876632973,274.6305784288085
17.166666666666668,133.13608170410853,275.80349719185864
17.541666666666668,133.78983033189792,276.9987643152485
18.458333333333332,134.81248829755708,278.0763751890635
16.25,132.96161250353768,278.40945866565295
15.166666666666666,132.291609636826,278.22588583411255
16.166666666666668,132.87307865274508,278.2810262133087
15.541666666666666,131.2633717658253,277.76715905187274
17.666666666666668,133.60296447482668,277.37081002597444
16.875,133.4498616379124,277.8893258465586
14.791666666666666,132.1053216247372,278.0943159027425
16.791666666666668,133.84700277844644,278.64714749824594
18.958333333333332,135.55472929632649,279.72146560948335
21.0,135.3381353980224,279.63318482815424
18.25,135.17238254780966,279.5867047191702
16.708333333333332,133.59883509787738,279.65669946084034
17.458333333333332,132.750712162228,278.7501790785378
18.416666666666668,134.8105031711336,278.5708605581802
15.458333333333334,133.93114075861982,279.57845913936325
16.25,134.27365585664472,280.4946948793151
18.833333333333332,136.22769711287185,281.46763699330916
21.583333333333332,137.8317321299065,282.06249923749414
20.5,138.07682128840867,282.9235346334313
21.166666666666668,138.36504895070854,283.77536478168423
22.333333333333332,139.33915408540824,284.37570377765604
24.083333333333332,141.25620004634172,285.50389770070643
22.625,141.24502146183247,286.78064831595725
19.333333333333332,138.24418980489068,287.0030246951887
20.874999999999996,140.19448834992662,287.3524618575505
17.583333333333332,139.31035861045652,288.66136888195626
19.75,140.5805864442352,289.8884997834639
19.875,140.43552097920147,290.4597606231834
18.208333333333332,138.65757193817282,290.00144130605435
18.416666666666668,139.8107488281789,289.97661632238777
19.5,140.48175470957833,290.71488956726506
19.541666666666668,141.17947039695625,291.50712907120993
19.666666666666668,141.27894433577117,292.26425039064196
21.208333333333332,142.98804779190507,293.1851106724314
20.333333333333332,141.86928021226248,293.64488188291153
18.291666666666668,141.6252421240832,293.8865055742304
18.5,141.89746513908764,294.73477630315983
18.958333333333332,140.65083039142186,294.44347912647635
18.958333333333332,139.566396298744,292.93649911950854
17.625,140.61643602875196,292.5406402791603
16.791666666666668,140.4779990627735,293.5758401565989
17.833333333333332,141.64469869776977,294.489345144472
17.583333333333332,142.17439259507023,295.69981152675234
17.958333333333332,142.21335949396988,296.41750271835065
19.041666666666668,140.62163507149862,295.75091299349117
22.125,143.67461453802187,295.06902729846274
23.208333333333332,145.37409544213781,296.08885406586296
19.625,143.18313425192852,296.6301891902972
15.75,139.25094542147949,295.6457996262463
16.208333333333332,138.9830597498445,294.3565705877366
18.208333333333332,139.41873967406508,293.0350506605087
16.75,140.2001956396917,292.81003771515276
16.916666666666668,140.92501185363935,293.94285066573497
18.291666666666668,142.09937422846562,295.146512140609
17.833333333333332,139.05080462061792,294.33183507517475
15.5,136.81523109503294,291.8395746192386
18.425,140.3331112491813,291.3764690489208
17.875,141.38181018762796,292.8992041856424
18.333333333333332,142.09872715436174,294.4032572773232
16.916666666666668,141.46609099618004,295.4895762352205
17.125,138.40683552350367,294.4613063110648
16.875,140.06732495612434,293.3365230162014
15.208333333333334,139.23955955520387,293.5937409140702
15.708333333333334,139.4043396531927,293.9369400934017
18.833333333333332,139.9567881701481,293.37274325911324
18.083333333333332,140.3614378224858,292.8574555521361
19.833333333333332,138.0925993006645,291.3228530210636
14.375,136.15730980922206,289.07664703442435
15.083333333333334,137.22099190121543,289.190315908117
15.125,137.34849225533958,289.6101239336728
16.591666666666665,137.96825380642028,289.72939697890337
18.233333333333334,140.29391933569136,290.5856859916989
10.512500000000001,137.11787569682608,292.00556603267034
12.441666666666668,135.65837400279153,291.9729349875277
20.066666666666666,137.5013826197463,289.85613209948804
19.833333333333332,136.3427549364128,287.09127474737915
15.083333333333334,135.20956046553331,285.3308434933556
12.208333333333334,132.42226354789872,284.4013329464868
11.3125,132.07761880841375,283.5037424943649
11.508333333333335,133.03269802392728,283.8286645235223
12.125,134.1128131534676,284.89283416069844
15.5,136.3967922279715,286.1418110428653
17.083333333333332,138.16441443485988,287.48991013257165
14.166666666666666,136.16417948043434,287.93996660550994
12.625,135.99949993195682,288.51666120033224
11.983333333333334,134.05019567069232,288.45553770998816
14.137500000000001,136.13835049742576,288.0860603315236
13.708333333333334,136.37918632336678,288.7034390359799
12.708333333333334,133.18934039852635,287.6467901042752
13.416666666666666,135.53135229903526,287.0582196435949
15.875,133.4036798113295,285.8534136104272
16.666666666666668,134.5016215810972,283.650558105634
14.916666666666666,131.1489014460066,281.562332239799
12.416666666666666,131.28711519045618,279.92126848842105
12.3125,131.66414345904153,280.1945989716229
12.958333333333334,130.93725012446274,280.02155906775516
12.25,131.81212333131586,279.9096759083111
11.291666666666666,129.32199571668124,279.3365513037514
10.666666666666666,128.36862722526823,278.01262634510476
10.458333333333334,128.06717994859886,276.72734372727035
11.166666666666666,126.7557663775927,275.1420773001783
12.5,125.36735877919358,272.2954225044087
12.125,124.56840734513524,269.40286126314004
13.041666666666666,123.62086479817954,266.74973632385655
12.791666666666666,121.89443727512617,263.69922443130594
11.541666666666666,122.52786101660558,261.9508590099925
12.5,120.0427767116904,260.22171618169926
13.958333333333334,119.6241680048693,256.9785181765148
12.958333333333334,117.55258861376223,253.77701284651246
12.75,117.24677351472167,251.1949877642703
9.041666666666666,116.93201282289681,250.53023047481793
11.458333333333334,117.4649282939801,250.82737896910092
14.333333333333334,119.20603855561278,250.88693365604638
13.666666666666666,119.60916429360323,251.06062658506016
13.291666666666666,116.41048433969938,249.9169079676341
14.75,117.9978988585837,248.26701715399463
12.258333333333333,116.94102031229993,247.8203956453293
5.483333333333333,112.90014045578766,247.40062445605554
6.870833333333334,109.95446893865004,245.25164504686813
9.316666666666666,110.94835794409535,242.34859712372975
10.041666666666666,109.56469513991213,239.56312985264617
10.583333333333334,108.29538808055521,236.24772674549226
10.5625,106.71137793553764,232.86032670485622
10.375,105.42336014066952,229.5832363340945
10.833333333333334,107.38691155224274,228.1950627164558
11.625,105.46165835099218,227.04705376138222
10.583333333333334,106.62242677314877,226.18117552383876
11.0,103.78555903394302,224.71346734535248
9.791666666666666,104.08533611161607,222.9080974487873
8.708333333333334,102.29165446159244,221.9384937923351
9.125,101.54183514888108,220.31000129907818
12.75,103.49862626011715,219.03005634092457
12.958333333333334,101.99854318921884,217.33210205343065
11.25,99.85235548034463,214.72423152089289
7.125,95.3965656814354,211.59877083666902
10.25,97.27861999090938,209.10988573043517
9.75,97.04918134204941,207.9179430337957
11.291666666666666,97.61180734026145,207.14734400138414
8.75,96.8210468132237,206.62928240463145
4.9125,94.14489395267111,206.24834654807967
5.3374999999999995,92.89735243215738,205.20605415988612
5.125,92.28823011152316,203.70094855701674
4.791666666666667,92.4227158083785,202.83618330483856
6.125,90.14893431813171,201.05952999226963
9.875,92.94905963205706,199.09099055519027
6.625,89.42215851105328,197.02344018729215
3.75,86.25758580422071,194.1502491306735
8.858333333333334,89.94227128884597,192.6991838444378
10.083333333333334,89.83354849348478,191.8780661385313
8.833333333333334,88.4892492512392,190.59736841992083
10.583333333333334,87.32690924341648,188.48431263839475
12.625,89.23997693266146,186.66148621370533
12.75,86.94945016593847,184.79254717095242
10.083333333333334,87.42980603485626,183.45704639865548
7.583333333333333,83.30089188208626,182.18560915185958
7.791666666666667,82.64135735176119,179.87793283979116
6.666666666666667,81.08237662528116,177.55251593163356
3.9583333333333335,80.141253702897,176.25983997076335
2.75,78.74220700157444,175.46221439100836
1.9166666666666667,77.28780246201725,174.14160094106555
4.583333333333333,76.73294883180614,171.98798585495834
3.6666666666666665,75.94770407510589,169.55700895158446
2.8333333333333335,76.03801825567126,168.38800276248625
3.5,74.22345275165651,166.95191655589187
3.7916666666666665,74.61111046399972,165.2453595786036
2.875,74.85101109231773,164.6494804384799
1.5416666666666667,73.02351873626891,164.24568069935043
1.7916666666666667,73.21363439344437,163.35146878773875
3.9583333333333335,73.99367855288283,163.02476073685287
2.8333333333333335,71.9071314703181,161.70374624064766
7.958333333333333,73.33380955513769,159.44963880300043
8.208333333333334,73.91907353592052,157.89973540385134
7.375,73.10517187867133,156.9533444388173
11.458333333333334,75.82287274748596,156.76589631312598
10.666666666666666,73.66964440936809,155.73502999755735
8.5,73.23152536439382,154.52957623296845
8.25,70.98259467037629,153.18686307480752
8.041666666666666,70.06307469877378,151.0882418983349
