0.37083333333333335,10.46276660228534,18.00643980494789
9.241666666666665,10.553830713366283,18.01904265078363
10.329166666666667,10.784521179570527,18.030520463111444
6.779166666666665,10.957354343540457,18.0417456482339
8.554166666666665,11.093841365421122,18.053843872920496
10.262500000000001,11.285611408916841,18.06580986547025
7.795833333333332,11.442683911511006,18.077408766684705
8.245833333333334,11.565568366941811,18.08850262838826
4.916666666666667,11.636899555821941,18.099617350356862
3.6875,11.632801149169252,18.11089663567763
8.600000000000001,11.692636481502023,18.121555412581042
8.012500000000001,11.814078534411257,18.13173340798366
4.941666666666666,11.861883515647571,18.1415963298309
4.2125,11.85595126106332,18.1526922177954
6.2749999999999995,11.878821921759782,18.163758931210925
4.816666666666666,11.89758465541882,18.174825986652245
5.170833333333333,11.903877545375094,18.186229193645044
6.241666666666667,11.934134604070437,18.19652404967399
6.370833333333333,11.980729704636746,18.206393260945863
2.779166666666667,11.965896227781789,18.21618378742468
7.466666666666669,11.976024868247192,18.227349592531805
6.345833333333332,12.041779420130744,18.23866838193619
5.3625,12.06351053782169,18.249680610089825
3.2708333333333335,12.042736312050144,18.26109262310483
2.0541666666666667,11.97101063002827,18.272128934747908
4.058333333333333,11.922438626485393,18.283709168693093
2.291666666666667,11.879651533367669,18.29635667270865
5.258333333333332,11.855397868497734,18.30897028700853
11.541666666666666,11.979160551141673,18.320376739006303
12.829166666666667,12.203856116832425,18.331322800757203
11.65,12.414155404198672,18.341257637232896
4.05,12.473497507892462,18.351801088909447
4.795833333333333,12.427777027237875,18.362483830890117
2.8958333333333335,12.368835795765024,18.372618444108166
6.941666666666667,12.354619584155003,18.382836573721427
5.283333333333333,12.375267097184624,18.394097431631483
7.645833333333335,12.406901648790422,18.405457218176362
9.316666666666668,12.495565330130558,18.41516223347279
2.3833333333333333,12.485597213473831,18.424671409422164
8.466666666666667,12.481765147989814,18.434592242153627
8.408333333333333,12.569515192096956,18.44476043733521
6.8625,12.617150594071438,18.454630148768242
11.729166666666666,12.718856897389252,18.464109536132757
6.066666666666666,12.797481253994967,18.474088156883
3.8375,12.754239540272467,18.485664301548855
4.2749999999999995,12.693131279602731,18.49768625444734
5.270833333333333,12.656718279813548,18.50882617065439
7.675000000000002,12.672782756879798,18.518726524205395
9.879166666666666,12.759520831693171,18.52904009005346
6.312499999999999,12.809578054974928,18.539779603581245
7.875,12.834072320631615,18.551100713590053
10.016666666666666,12.919060925290568,18.562803633767885
9.966666666666667,13.030595672545907,18.573889081411185
10.35,13.12973651332896,18.584450352338614
8.395833333333334,13.203733291054187,18.5952681310205
8.979166666666668,13.250170586908595,18.606311399376942
7.620833333333333,13.287170211307917,18.616958667204365
6.679166666666666,13.286023060976206,18.628754971020424
9.083333333333334,13.311751912086953,18.640489538113023
9.358333333333333,13.385899547083843,18.652474377849895
6.166666666666667,13.389602646091456,18.666039502517755
6.708333333333333,13.369174729955015,18.67945675458751
6.625,13.346445822462956,18.692445405057807
7.375,13.339687142371078,18.705505263108762
9.166666666666666,13.391246053710548,18.718854174593314
10.958333333333334,13.476781469047287,18.732572600483156
10.083333333333334,13.572114993621163,18.745635970906275
8.208333333333334,13.609934438659794,18.756580854492125
9.25,13.657140143120564,18.768262217194593
8.5,13.671591632179426,18.781735845047674
9.958333333333334,13.733638111155566,18.79546304766048
8.75,13.794602439650438,18.809371537595585
6.041666666666667,13.7633883125416,18.821344450283366
6.291666666666667,13.718726419661136,18.831167046405106
6.916666666666667,13.68074136363901,18.841398936702202
8.416666666666666,13.67153274145374,18.853546006887385
6.833333333333333,13.67758278240128,18.865778207176334
7.291666666666667,13.666424179930345,18.876442749786914
7.333333333333333,13.642981342196677,18.886696995210126
7.875,13.663158919632467,18.89721939409119
6.0,13.63365739223102,18.906751836322496
7.708333333333333,13.59390705846338,18.918176995390883
7.666666666666667,13.628203573690833,18.93138454750635
6.25,13.599612071917788,18.944951956492357
8.208333333333334,13.594262997272983,18.95753533219362
8.791666666666666,13.635866503521703,18.970825888392813
11.458333333333334,13.716363285667976,18.982943175902324
11.291666666666666,13.838636666811619,18.992967717196105
9.583333333333334,13.905318790343715,19.00508231042657
10.862499999999999,13.999102912813433,19.01874267882113
8.308333333333334,14.01316173069777,19.032690020407852
7.083333333333333,14.018097316846847,19.044374005068068
5.583333333333333,13.954727582253154,19.05524428380826
6.833333333333333,13.890057675275642,19.06720570631492
10.125,13.922501589381953,19.080038835556174
8.958333333333334,13.974765260710193,19.091696369313244
9.291666666666666,13.997178329835132,19.10084956740212
10.208333333333334,14.04298177661871,19.11015663819758
9.625,14.105541046622244,19.119753053863036
8.458333333333334,14.124725999092588,19.131442942364057
6.75,14.095137044808448,19.14442750214976
7.0,14.055226172177944,19.156636628961294
5.666666666666667,14.008140188492101,19.168184555720913
5.791666666666667,13.934227864440075,19.18067819659687
8.916666666666666,13.927577171638562,19.194515595272374
11.458333333333334,14.001134877635858,19.208737471379933
12.375,14.12707719244216,19.22281714258825
14.041666666666666,14.269661086998617,19.236719988746938
15.541666666666666,14.462441443362783,19.250437663588702
16.25,14.673763596025621,19.263907224303846
15.291666666666666,14.871697231247557,19.27709328218606
15.416666666666666,15.035038135070478,19.290037203762818
14.875,15.20735030831103,19.30273754829036
13.791666666666666,15.329128212387266,19.314110555855848
12.791666666666666,15.40041488955196,19.324090104618957
12.458333333333334,15.452294328771613,19.334528534066735
10.666666666666666,15.477137760691491,19.34468672106964
10.875,15.469894139367504,19.354394390854633
10.583333333333334,15.457756192178445,19.363402102961896
11.35,15.46435852995244,19.373906375466362
15.233333333333334,15.539063272061263,19.38572862232706
14.708333333333334,15.658917401587525,19.39761482431062
12.5,15.743467902229142,19.40924005689427
10.833333333333334,15.739887875226863,19.420009819821697
14.75,15.787219726959398,19.429680109411045
15.520833333333334,15.89197304744418,19.440097129463116
13.083333333333334,15.977029626433897,19.45000414962685
12.375,16.001745816147118,19.46002917474621
12.625,16.01237469935586,19.47061211033786
13.333333333333334,16.05136704240319,19.481306424304126
11.5,16.07040136813325,19.49260728523596
11.708333333333334,16.048742825602847,19.50379701925951
12.666666666666666,16.07350545661717,19.51304558109236
14.958333333333334,16.120513397022908,19.520803012806482
13.041666666666666,16.18741352388314,19.529659038199565
12.625,16.191094420801097,19.53980408824346
12.166666666666666,16.201283955127668,19.549988665052897
13.208333333333334,16.21835614586913,19.55988438845276
13.541666666666666,16.248352437230416,19.569815502881152
14.416666666666666,16.29169371465432,19.579618939277452
14.875,16.36360347883595,19.590093632371936
14.625,16.42969672633679,19.60062097291795
16.583333333333332,16.52085016791922,19.61099394038204
16.916666666666668,16.642137245657693,19.621680336894368
16.125,16.742454017963077,19.632086429759266
14.416666666666666,16.823409878030784,19.642072210787983
12.791666666666666,16.807418105059252,19.65091147257755
18.291666666666668,16.872665378739924,19.658862055323493
17.708333333333332,17.024380895011713,19.667900299912656
16.416666666666668,17.106426898558695,19.677903643856002
17.241666666666667,17.18763725248732,19.687778202143942
15.741666666666667,17.255590621336584,19.6975623264788
17.875,17.341614676948566,19.70639435049291
18.291666666666668,17.44544847642091,19.71500730089186
18.333333333333332,17.549768130219586,19.724378812164186
14.541666666666666,17.616908722702824,19.73323902529425
12.375,17.560683410725872,19.7409737632812
14.875,17.526183560274106,19.748944326599446
14.083333333333334,17.514180811914986,19.757722459894904
14.166666666666666,17.495628419642944,19.76687305169134
11.958333333333334,17.45572756876393,19.77595145265477
13.0,17.38463631251893,19.785023399627725
12.458333333333334,17.336819693638798,19.793658750044912
17.958333333333332,17.368569552964868,19.801972842749496
17.625,17.458881242206136,19.81121759215972
17.25,17.55900539819199,19.819731193480028
14.5,17.597274469838528,19.827492410487903
12.916666666666666,17.55261213357272,19.83582266154927
14.291666666666666,17.517536005356618,19.844243193101004
15.291666666666666,17.52010921795385,19.853424544999736
15.333333333333334,17.537366443103917,19.862329261731762
17.333333333333332,17.5971900360905,19.871098829445796
15.333333333333334,17.638741074262736,19.879842937562465
15.833333333333334,17.65702823571465,19.888720726277324
15.166666666666666,17.678967113941493,19.89803947426812
17.958333333333332,17.70799563492533,19.906348348290265
21.625,17.854049292344254,19.914557952957452
25.291666666666668,18.10133856097239,19.923535414032738
19.166666666666668,18.328362138724746,19.930968458256473
16.833333333333332,18.347328734559145,19.938452504823857
16.333333333333332,18.360187681380214,19.947016128597642
17.7625,18.371466866294636,19.95536743734223
20.625,18.44967193315411,19.96372971248609
18.541666666666668,18.57849014525407,19.972072958208955
17.166666666666668,18.59301070529843,19.98028392091416
17.541666666666668,18.60328311680779,19.98854148781314
18.458333333333332,18.656262294174258,19.99665459151922
16.25,18.671886180838314,20.00399855730689
15.166666666666666,18.63145107659262,20.010899126694397
16.166666666666668,18.591869034330344,20.018110365068527
15.541666666666666,18.563068374048743,20.024806398672766
17.666666666666668,18.566631255824056,20.031650231469566
16.875,18.586583538219806,20.039351579120485
14.791666666666666,18.55276390553082,20.046784009124853
16.791666666666668,18.52255715727434,20.054649482100178
18.958333333333332,18.563436831818702,20.063020947408052
21.0,18.66643446380519,20.070147448919254
18.25,18.759100461808494,20.077162246567323
16.708333333333332,18.769649789580132,20.084262914932566
17.458333333333332,18.765238136597315,20.090427171416106
18.416666666666668,18.796265899355657,20.097278055558643
15.458333333333334,18.787200372213878,20.105279279401028
16.25,18.740478996648037,20.113296648979404
18.833333333333332,18.758147947978532,20.12140757335394
21.583333333333332,18.877602938763314,20.129032797824706
20.5,18.975471385946474,20.136782478719873
21.166666666666668,19.08444127819578,20.144412239484385
22.333333333333332,19.19851747585267,20.15165821948699
24.083333333333332,19.36226220375991,20.15924837787226
22.625,19.51960156236447,20.1667824543028
19.333333333333332,19.593616435880175,20.173154418060673
20.874999999999996,19.62576146393724,20.179647922858535
17.583333333333332,19.638402619973146,20.187054316116495
19.75,19.631887033005658,20.19445292185164
19.875,19.685141084849736,20.201157781100786
18.208333333333332,19.686086882206947,20.206830034942204
18.416666666666668,19.668690487236553,20.212971488293807
19.5,19.674863955055127,20.21987571582067
19.541666666666668,19.686139725831733,20.22683762319635
19.666666666666668,19.710168744396178,20.233760053427865
21.208333333333332,19.75648246419393,20.240823730780104
20.333333333333332,19.823617934722513,20.24735221069829
18.291666666666668,19.829235706775908,20.253648344689235
18.5,19.805480986343436,20.260599291375236
18.958333333333332,19.798454825793318,20.26646495627182
18.958333333333332,19.807081425994184,20.271123857719576
17.625,19.770164018137116,20.27689697669562
16.791666666666668,19.71810011289482,20.284155003412362
17.833333333333332,19.670291297981617,20.2913993244186
17.583333333333332,19.652806383521803,20.29898833424799
17.958333333333332,19.62878309588848,20.306155536113057
19.041666666666668,19.61430514495147,20.311999603879567
22.125,19.675227393942144,20.317785603856063
23.208333333333332,19.784291772840977,20.325098868931217
19.625,19.886582849461956,20.331786948014777
15.75,19.827198218616733,20.33701603935269
16.208333333333332,19.729704692940533,20.342093590347304
18.208333333333332,19.697015752102406,20.347198535106674
16.75,19.652303809221486,20.353411130321557
16.916666666666668,19.59072675096167,20.361063063700172
18.291666666666668,19.572913559406608,20.368862602672
17.833333333333332,19.565624326164045,20.3746994530267
15.5,19.51634087528823,20.378923721782872
18.425,19.453108346296823,20.385239112505882
17.875,19.46205589657915,20.39349939028287
18.333333333333332,19.458900033225564,20.40178471048431
16.916666666666668,19.45312758959106,20.40968667327275
17.125,19.417339394326994,20.41558751167761
16.875,19.38495992580641,20.42144110410204
15.208333333333334,19.321765841789404,20.428697653087863
15.708333333333334,19.24748829737798,20.436171009956055
18.833333333333332,19.243079528912123,20.442804021778347
18.083333333333332,19.269669696676292,20.4494359143777
19.833333333333332,19.30937892008089,20.45503423346913
14.375,19.29214244127014,20.45989078969359
15.083333333333334,19.177899727883084,20.46719875785349
15.125,19.118115616625623,20.474908172886707
16.591666666666665,19.0746522125509,20.48241213692032
18.233333333333334,19.084860347964224,20.490666743031642
10.512500000000001,18.991496106738357,20.499545047185403
12.441666666666668,18.841883211449293,20.507269216072057
20.066666666666666,18.827524357278794,20.513046796156996
19.833333333333332,18.9193172840036,20.518018145567705
15.083333333333334,18.941666703818232,20.52386197549914
12.208333333333334,18.83778008223356,20.530610659398338
11.3125,18.68612129836617,20.537601774853524
11.508333333333335,18.529625555120663,20.546018468936328
12.125,18.398699598960896,20.55537274962001
15.5,18.337858705571673,20.565062262175477
17.083333333333332,18.37014083737434,20.57485737147435
14.166666666666666,18.391067336060786,20.583740020457913
12.625,18.301550182037506,20.592873159432997
11.983333333333334,18.214640628425936,20.601523753868715
14.137500000000001,18.150568368608464,20.610000181264507
13.708333333333334,18.116332696381587,20.619495334658353
12.708333333333334,18.060715604194638,20.62742406966401
13.416666666666666,17.999506720557058,20.635914516867363
15.875,17.999825430246577,20.643814659243617
16.666666666666668,18.050922134974204,20.650662899567656
14.916666666666666,18.07701015266179,20.65752908865832
12.416666666666666,18.02209602008234,20.664867684790632
12.3125,17.945849329597298,20.67418432294777
12.958333333333334,17.88869897536813,20.68316482861113
12.25,17.844304215271215,20.69227820867744
11.291666666666666,17.75671608714761,20.701050678782078
10.666666666666666,17.660439590724753,20.709220675453178
10.458333333333334,17.55078305697384,20.71756788383769
11.166666666666666,17.468154748821153,20.725734208699745
12.5,17.418479746219116,20.732729178873218
12.125,17.379889661378225,20.739686136172523
13.041666666666666,17.35184611223925,20.746883584971815
12.791666666666666,17.337621184116294,20.753670328847615
11.541666666666666,17.29109909352964,20.761751523730407
12.5,17.25486676515529,20.769886988396316
13.958333333333334,17.272565881965697,20.77651475024783
12.958333333333334,17.270075096938285,20.783117177812546
12.75,17.26741833478218,20.79029470010198
9.041666666666666,17.19067008094944,20.79938940742387
11.458333333333334,17.098795727358453,20.809589358859068
14.333333333333334,17.11434094019793,20.81958634373071
13.666666666666666,17.1648206011642,20.829631282874974
13.291666666666666,17.168292112051766,20.838371978166926
14.75,17.21483740892273,20.846572053228403
12.258333333333333,17.232415311652133,20.855883567532498
5.483333333333333,17.09206627283726,20.865347224746554
6.870833333333334,16.894400763748603,20.87342101237943
9.316666666666666,16.775655763933376,20.88092793681451
10.041666666666666,16.710116762866512,20.888598987176977
10.583333333333334,16.663398287911317,20.895783078312217
10.5625,16.625706145243228,20.902901937350837
10.375,16.589153324168198,20.910127852842
10.833333333333334,16.560117532628748,20.919213897429
11.625,16.54356753329768,20.92853995381736
10.583333333333334,16.53423302731559,20.93814850594872
11.0,16.522889708877106,20.947182440621244
9.791666666666666,16.491876919733595,20.955905622802845
8.708333333333334,16.418355364199854,20.965514037967356
9.125,16.348774984901592,20.974577921845302
12.75,16.36011782591976,20.984000856278843
12.958333333333334,16.410134380303038,20.99291922590248
11.25,16.456590817999672,21.00085088088692
7.125,16.35612135398653,21.008318180238916
10.25,16.31114971442615,21.016499033764934
9.75,16.267241702472116,21.0259540778521
11.291666666666666,16.26875744802511,21.035839253241978
8.75,16.263737717133278,21.0459528201821
4.9125,16.132723341165917,21.056341537636893
5.3374999999999995,15.966521423027414,21.066333924888827
5.125,15.83172415932705,21.076063079217352
4.791666666666667,15.681844301566061,21.08661315763221
6.125,15.544930719559462,21.096463632967513
9.875,15.529411259668189,21.10618847677426
6.625,15.513462335594994,21.115764975448705
3.75,15.378516657875146,21.124682307133053
8.858333333333334,15.314252249151222,21.135125491937135
10.083333333333334,15.339179549952325,21.146140430486327
8.833333333333334,15.359645952244955,21.156654373385425
10.583333333333334,15.368939073566482,21.166342374610633
12.625,15.482427796888585,21.176175465086374
12.75,15.570403915555426,21.185791340918758
10.083333333333334,15.667015220756573,21.195772412102205
7.583333333333333,15.613468552340597,21.205827491215874
7.791666666666667,15.585936417164826,21.214925631270408
6.666666666666667,15.529479832532344,21.224037554195117
3.9583333333333335,15.408442189523283,21.234279113974463
2.75,15.246089621101953,21.24521843115041
1.9166666666666667,15.058909472823425,21.25589991548941
4.583333333333333,14.92945658648412,21.265972050335417
3.6666666666666665,14.831729434593312,21.275874714634067
2.8333333333333335,14.702051118621611,21.28715907746791
3.5,14.574136771286744,21.2983563124252
3.7916666666666665,14.479806402996566,21.309420619332787
2.875,14.390388639160578,21.32168128486435
1.5416666666666667,14.240011379170424,21.334318950615287
1.7916666666666667,14.133612401031542,21.346660834917788
3.9583333333333335,14.007747903804665,21.35973970610384
2.8333333333333335,13.974391683606372,21.371904360853325
7.958333333333333,13.954180110732347,21.383218799466075
8.208333333333334,14.052656295817782,21.39506629044681
7.375,14.093850720360438,21.407411308819835
11.458333333333334,14.207990948426676,21.420400284711103
10.666666666666666,14.365759623580196,21.432330582226054
8.5,14.46031656032175,21.44393345837041
8.25,14.510736038529537,21.455323438549033
8.041666666666666,14.549688185311696,21.465906379927006
