720,12.3,12.455438667625081,14.160933646745356,14.073625786855711
721,11.2,12.33499965033456,14.127403428656839,14.000259609642681
722,11.1,11.29853764113614,14.072276719669217,15
723,11,11.200322133918107,14.081153285767515,14.81171175598332
724,11,11.106536793176948,14.075861676555139,14.644867661642339
725,11,11.106325198672721,14.060738901653565,14.493903099100631
726,11.1,11.107489382261791,14.037550579822138,14.366555833810756
727,11.3,11.204164131978706,14.010272158993043,14.261735989935072
728,11.6,11.403658527331165,15,14.187422962437225
729,11.9,11.748326724420204,14.903569779953507,14.232897617493222
730,12.2,12.051234615017323,14.830989869889448,14.287896774536934
731,12.5,12.35074803043756,14.77904332325109,14.351130413793804
732,12.8,12.639874596785953,14.74158357332492,14.412585769205549
733,12.9,12.913409477410502,14.711855863964125,14.461379633373761
734,13,12.991783268140765,14.682305071097996,14.489834479837667
735,12.9,13.066061666007718,14.651106937237373,14.490055499825909
736,12.8,12.95593737957719,14.615549554147554,14.468331828235241
737,12.6,12.855192229562123,14.579119494105193,14.439135321814131
738,12.3,12.659384740332001,14.540317689071328,14.401627800472507
739,11.8,12.365592964782543,14.497011984600578,14.353103610034756
740,11.6,11.888330085025034,14.44513391423385,14.301696250347115
741,11.4,11.694036188239277,14.390546397038126,14.244979406408325
742,9.6,11.467479357636252,14.333111667711522,14.148275042452973
743,7.7,9.739771858338553,14.238799082632562,14.017565469725373
1392,4.8,5.4988112574878505,14.36900147098822,14.744096299113332
1393,8,5.272496748164482,14.198786445616536,14.569976323028392
1394,7.9,8.241418356620036,14.107263035085884,14.397776335334596
1395,7.8,8.141830618858101,14.010585927433938,14.234275685430298
1396,7.8,8.043177811035404,15,14.08018144482193
1397,7.8,8.09021783649671,14.806664759803411,14.030942542651891
1398,8,8.08394211887291,14.626581371869941,15
1399,8.3,8.27632089507772,14.529459161622063,14.82797902104444
1400,8.7,8.605894238774102,14.455732692226048,14.712087389130847
1401,9.2,9.029096076653072,14.407311682844323,14.638412602057533
1402,9.7,9.547621531554658,14.386543335185651,14.590832735643835
1403,10.3,10.178104149167186,14.436926361240571,14.570617804226485
1404,10.6,10.555460829973939,14.415429476660687,14.555565562435337
1405,10.9,10.899230086313043,14.423938371822018,14.551881070266273
1406,11,11.08944419061014,14.398969234634936,14.525144774803486
1407,10.9,11.15497025948674,14.36557218635764,14.473131813673437
1408,10.7,11.032578841892567,14.320145604622665,14.39286046694905
1409,10.3,10.822867526818566,14.264070313283247,14.299172736152487
1410,9.9,10.437256023461842,14.198899363146358,14.20209445597819
1411,9,10.043017405903894,14.125037195234631,14.09024946997961
1412,8.7,9.189334700541176,14.031742580883563,15
1413,8.5,8.900107585874885,15,14.774652994675053
1414,9.3,8.769639293604504,14.86518418048744,14.67189101665303
1415,9.9,9.523185934834423,14.752816565447528,14.576799399528872
2136,13,12.095772092680509,14.165061290248989,14.10225973172457
2137,13,13.035350164315165,14.144559672241176,14.074571746051456
2138,12.6,13.025543234724669,14.123941788188231,14.035986699039421
2139,12.2,12.638688551510628,14.096060084903442,15
2140,11.8,12.252157894488638,14.12285891758512,14.831842558916483
2141,11.4,11.868124195969207,14.130184249000614,14.672548364961417
2142,11,11.492181443732566,14.12324942653389,14.530883192001896
2143,11,11.13959839433162,14.110083142359509,14.427145804782855
2144,11,11.240445917764943,14.132860807171056,14.37718026578638
2145,11,11.333541994977844,14.188257319573744,14.337153831765935
2146,11,11.366379406206125,14.249197635920812,14.33479844804005
2147,12,11.476863300381025,14.338910030352102,14.359158856737563
2148,12,12.426539764848776,14.445659381181818,14.398052879125126
2149,13,12.45056906768989,14.544758276533242,14.44960246719863
2150,13,13.333417805465867,14.632082728031698,14.499331109704114
2151,12,13.222423329537515,14.679342330680505,14.511827483608009
2152,10,12.1360345464456,14.66767919826663,14.438750155216578
2153,11,10.220872590470456,14.582185803419026,14.38439597917527
2154,11,11.126891078473513,14.510231442064176,14.301304870991022
2155,8.2,11.05686427903249,14.438988427073113,14.157473502345146
2156,8,8.440800617762847,14.30647278466998,14.013874774558225
2157,7.8,8.244032796530629,14.171771242449879,15
2158,7.2,8.03969384986059,14.104508443066855,14.731281105825401
2159,6.5,7.4646581727656995,14.012893861649614,14.48793308773831
2856,9,10.154898090679344,14.476670480615779,14.468886448363518
2857,9,9.209227357362236,14.377580640474136,14.371181903914477
2858,8,9.190834736887174,14.280688156887749,14.248864306736555
2859,8,8.246421722153386,14.162586152361484,14.13899314632114
2860,8,8.240905501182587,14.047590602904306,14.019342468805895
2861,8,8.24323753209906,15,15
2862,8,8.298660740918622,14.875148043491805,14.89370850732699
2863,9,8.322258131060911,14.760884656318705,14.828519055519777
2864,10,9.285001248556993,14.68069462563154,14.802400071248242
2865,10,10.278528503899992,14.649008889110965,14.83003510990504
2866,12,10.467614409146865,14.685655788590934,14.900512791326559
2867,13,12.41602043141399,14.782735174629458,14.957599869553212
2868,14,13.393037823613042,14.897400045599582,15.036999224918516
2869,15,14.342713466444337,15.016177454082642,15.13374720516686
2870,16,15.268666782188234,15.126167932752116,15.246486169270415
2871,16,16.15912693410068,15.220942341798592,15.34199807101232
2872,16,16.083108264849386,15.282145603934493,15.421034798108415
2873,16,16.01841490935382,15.316408108650172,15.47116057343203
2874,15,15.976429192395926,15.339876481890444,15.465068703722851
2875,11.5,14.936074604900181,15.343237413255657,15.367405242762482
2876,10.2,11.616412032728846,15.279833374962704,15.25619675963566
2877,9.5,10.381539254920748,15.188244165206829,15.142347026387984
2878,10.2,9.727846730277543,15.082306676728908,15.052244211492438
2879,11,10.392681097214378,14.994448093992533,14.980391637496984
3600,14,14.519349746103634,18.7021276762832,18.601135624845373
3601,13,14.479220722058226,18.46402576520082,18.23700085209454
3602,13,13.577378597209965,18.177902697869612,17.905778609871728
3603,12,13.53194887159534,17.90417529454637,17.533427239264743
3604,12,12.633775018610665,17.588297226783546,17.19990867780024
3605,12,12.620021701126678,17.297170910653172,16.927145596907167
3606,12,12.606527654962116,17.030507547097695,16.693888398179084
3607,13,12.603685019077968,16.785368339484528,16.555948946139267
3608,15,13.537632906119667,16.634124902344468,16.56752400815778
3609,17,15.376941263183886,16.62814569858392,16.713899050790307
3610,19,17.23717250842548,16.746732012712503,16.988051169304573
3611,20,19.060073029218298,16.978558866957957,17.31410911929412
3612,21,19.96848458654191,17.25043336973442,17.7139893245289
3613,22,20.893366303769255,17.56841491217575,18.11310855883047
3614,23,21.781592402327746,17.911561963639812,18.53804053056505
3615,23,22.627883610877507,18.268781381025683,18.92154309864903
3616,23,22.602162030112623,18.582041832286173,19.25785974808033
3617,22,22.569871235106834,18.860945040143456,19.474514766926212
3618,21,21.686104531862703,19.060614889824254,19.57427926790269
3619,20,20.795053342114166,19.185599866548955,19.569087933699198
3620,19,19.905322656048387,19.2463467701517,19.49746304148202
3621,17.8,19.004177909530682,19.25086539238942,19.358708719899212
3622,15.8,17.909341616600884,19.19004856849297,19.10471029201466
3623,14.2,16.12262291266834,19.020866032264895,18.776910274130582
4320,16,17.170225039326485,18.77935429110173,18.598188415087467
4321,15,16.26677546731015,18.63521861566979,18.36475141759852
4322,14,15.359569604074693,18.442086564990717,18.088177791477772
4323,14,14.463103981248311,18.20203575880955,17.840744278784683
4324,13,14.429494424947965,17.97677508411037,17.554101250110943
4325,13,13.550184374846499,17.715604975717493,17.32035540986192
4326,13,13.543347166338453,17.47892322243528,17.127289880301046
4327,14,13.551918642344683,17.265634315476394,17.039853128155073
4328,15,14.458570367571294,17.13922627310208,17.030593513276916
4329,16,15.397218854882478,17.100625354380384,17.104609241769094
4330,18,16.361147741169162,17.140000058290944,17.326241300617998
4331,18,18.185006180118794,17.30000847779942,17.488816916136532
4332,18,18.21248000226963,17.457381220154566,17.632738461599462
4333,18,18.213899919206938,17.60088299229738,17.765652713534674
4334,19,18.204174626594437,17.721216094828247,17.957865056999566
4335,20,19.05709243454349,17.862668254648117,18.190701478825538
4336,17,19.81762757294072,18.02533076736443,18.16898962310882
4337,18,17.16842620080291,18.009112856147436,18.219245957578874
4338,19,18.048840372997503,18.03494005097395,18.30125488656739
4339,17.8,18.896377982756835,18.098964956497213,18.256189233299118
4340,17.5,17.824446155970424,18.095329195095413,18.191848649455928
4341,17,17.550189501555145,18.074357146475055,18.102200055680523
4342,16.2,17.09291274918227,18.026655030976812,17.968715712230402
4343,15.5,16.371635140052412,17.937369203810984,17.803117477593776
5064,17,18.335142502253017,21.224649530072814,20.924357061922866
5065,17,17.4388201186178,20.999342659584098,20.688595873299544
5066,16,17.40085166851699,20.785060659772345,20.40209318534358
5067,16,16.500957972018742,20.525378204693016,20.138329988336455
5068,16,16.473046790845494,20.279412481310946,19.897230360078463
5069,17,16.475810046465067,20.052690412266816,19.753920349544288
5070,17,17.35148566805052,19.903894585978215,19.647130804183007
5071,18,17.373478208174124,19.774793977940902,19.64435562285502
5072,19,18.307587757952746,19.731136934271984,19.713548432843805
5073,21,19.29119205291906,19.77241025758707,19.913333605190626
5074,22,21.139326570784018,19.93706951539497,20.164328016748104
5075,23,22.0920359986619,20.16342380475822,20.46831711793592
5076,25,23.04556418135174,20.440136027114374,20.87796085160145
5077,25,24.810204114601305,20.807929544844615,21.24281425064689
5078,25,24.81100319042646,21.140123701807624,21.580837393544158
5079,26,24.80193608127794,21.43049181217169,21.953698070576955
5080,26,25.636109276297045,21.733523421183133,22.281309005615356
5081,26,25.60654350611324,21.99656539308512,22.555932065770705
5082,26,25.609264560322863,22.235997513078583,22.781420512893508
5083,23.2,25.56680439721712,22.453945531235746,22.767672879820843
5084,22.2,23.114745784964907,22.507190910111074,22.703009099385866
5085,21.2,22.216185497890688,22.505557940195757,22.58628532757764
5086,19.2,21.2976362010225,22.450092992451136,22.352217864376474
5087,17.2,19.50099552724091,22.287366935595873,22.012614411219772
5808,17,17.163112612260942,18.563609816399836,18.47040976850718
5809,16,17.14034592387198,18.48497408917758,18.310973936568292
5810,16,16.25089890824301,18.356021593622902,18.16977832791693
5811,16,16.237277899365107,18.232737791335172,18.040726772435438
5812,16,16.22430179032295,18.115216711521576,17.922513774611165
5813,16,16.213818483434896,18.004214248495586,17.812219869654232
5814,15,16.20855608185505,17.907152824913787,17.668299136858266
5815,15,15.335894407007817,17.76930024460523,17.56478923872814
5816,15,15.347653465996961,17.651281224905958,17.49396006985911
5817,16,15.373216607243487,17.55154634805768,17.518964854363464
5818,16,16.260330340934644,17.520701971206833,17.55115253357548
5819,15,16.251477542210985,17.498969315311573,17.516516553948406
5820,15,15.368877088045812,17.428473945251568,17.48688104944872
5821,15,15.352979844472252,17.36057024208626,17.445229817229148
5822,16,15.343958724234929,17.29105561896527,17.453391050701757
5823,16,16.19542113141646,17.26918033544556,17.423892366569344
5824,16,16.16589611372304,17.23677383567068,17.36731086370111
5825,15,16.12302490988936,17.194381208150023,17.215824435657908
5826,15,15.222151852208585,17.09261412089995,17.062405699025593
5827,15.2,15.21212619054418,16.991950304660122,16.9372787399702
5828,15,15.375916266996189,16.90454979764149,16.809984609821125
5829,15,15.190017042770174,16.80918161011044,16.6957304233104
5830,15,15.180109704998074,16.71732304442699,16.591671222717903
5831,14.8,15.168318521036944,16.62919932737489,16.48211254199528
6528,11,12.114442673463902,15.56656383233165,15.482169119881338
6529,10,11.153663445572127,15.481922380138206,15.37814313018253
6530,10,10.209327493108235,15.376884337655504,15.281078028320062
6531,10,10.204581472261864,15.274573804018663,15.185258876251034
6532,9,10.18555961398209,15.174832064122336,15.0705775919145
6533,9,9.241311548633119,15.054686690377373,14.959556928835198
6534,8,9.228880155480413,14.940610492593,14.843152392159691
6535,8,8.32732717410529,14.82393903294921,14.756318377245677
6536,9,8.428228001320507,14.749197577447585,14.710435173410062
6537,11,9.483755523992903,14.735532402523212,14.714397339359245
6538,13,11.407265196596144,14.769495678090195,14.795756286053086
6539,14,13.170393994164497,14.784822568702346,14.88660609199395
6540,15,14.130104952983407,14.817501566331796,14.99337331980191
6541,15,15.04159825435849,14.849472090628119,15.042432273587128
6542,15,15.186773790327887,14.940814471473745,15.118719285571034
6543,15,15.151398351808114,15.014700739787608,15.158921358075553
6544,15,15.046408897305458,15.04216634304836,15.176642770257931
6545,15,15.002889414014351,15.050713642194742,15.165674421783317
6546,14,14.985345085077235,15.057208100552524,15.132352244679616
6547,13.2,14.018600271799208,15.046894403655228,15.083677767367499
6548,12.8,13.253155696948195,15.021244487216034,15.029755281916003
6549,12,12.859383723404203,14.987333739601507,14.959263725469597
6550,11.8,12.099985960229743,14.937197771614304,14.892407754110678
6551,11.8,11.908734093260197,14.88320825555952,14.83344155013211
7272,14,14.037924750265494,15.221403786071905,15.184379147390354
7273,13,14.02234356267705,15.201594766823458,15.144638100394616
7274,12,13.056411002041935,15.164010300964419,15.083143990014172
7275,12,12.109798445935024,15.107301347745214,15.023335135315945
7276,11,12.092091930796188,15.05147403134439,14.947280929878657
7277,11,11.146500794227265,14.976028694212825,14.879179324074546
7278,12,11.159270344452747,14.902537021324125,14.82701451789403
7279,11,12.088349235842541,14.853067922169132,14.75879520709884
7280,12,11.174576660837923,14.790922075754118,14.741012200482716
7281,12,12.138366781622075,14.760752988754692,14.740643134825316
7282,12,12.298424550837089,14.798601607630571,14.763021436216194
7283,13,12.422151355922546,14.878695913665798,14.79670460689346
7284,13,13.367052650380435,14.970006067644434,14.83367605366177
7285,14,13.344068286393005,15.039829113953573,14.888636767411953
7286,15,14.231782421007138,15.091263340243742,14.95067002379325
7287,15,15.06711198416489,15.107922649383205,14.990913767101786
7288,15,15.003069520307333,15.099576590373072,15.004417103208143
7289,14,14.987650934700513,15.092553181862828,14.994381253063581
7290,13,14.018521280659133,15.07103044902132,14.965218507903657
7291,11.5,13.045697795558553,15.032735996642208,14.911008493950556
7292,11.2,11.621580043658238,14.966434215426572,14.854411916967075
7293,10.8,11.330099046875253,14.89615867647801,14.791383983276894
7294,9.2,10.924965547026956,14.81977659495346,14.697117532559524
7295,7.5,9.390062660686796,14.710572804792108,14.572356555919008
7992,5,5.396538024720416,14.123242507539416,14.137355066449997
7993,4,5.374101211265304,15,15
7994,3,4.472811595917709,14.770839901563948,14.774532621836238
7995,2,3.5145650483482385,14.521926157394422,14.525438802106658
7996,3,2.5839730365016393,14.25316315580515,14.308660374695801
7997,3,3.500249679464409,14.020767808157759,14.091262623001262
7998,2,3.4731752761876984,15,15
7999,2,2.597471172355623,14.718360391112812,14.755549045214389
8000,2,2.5877614858372584,14.448981053321114,14.541971622918634
8001,3,2.5993474889740846,14.195766158973253,14.349872792571942
8002,3,3.5321561128213865,15,14.15651236545831
8003,3,3.583751437609555,14.710393439071888,14.063893286113764
8004,4,3.580877443450059,14.439836730178316,15
8005,4,4.472717932417463,14.266014692656608,14.757681503523965
8006,4,4.5195087637925235,14.115137916414081,14.527472511882776
8007,5,4.4561559820575765,15,14.303855346445602
8008,4,5.417525827418642,14.75333518403955,14.154274228742509
8009,4,4.472881689452004,14.493604973022045,15
8010,4,4.458994374213736,14.308375938352468,14.728588487563151
8011,4,4.4491439978630165,14.122492838908952,14.480899830909824
8012,4,4.439304170136039,15,14.243688008746709
8013,4,4.4861504147265405,14.724348066418388,14.111815297756623
8014,6,4.507109565079292,14.464522407786298,15
8015,8,6.393558911873649,14.331000342825721,14.787412022313795
8736,7,8.224641136016228,15,15
8737,7,7.329612007197171,14.84463619229091,14.854951404223637
8738,7,7.321915440022316,14.693534841530116,14.701957909756628
8739,7,7.314465733865712,14.545829163259063,14.557315602425918
8740,7,7.30721786489104,14.401728630408448,14.415140123429468
8741,7,7.300180068907311,14.261064234724095,14.275488317064829
8742,7,7.293342048626268,14.123685705917882,14.138395378743656
8743,7,7.286694578984659,15,15
8744,7,7.332069420385529,14.845636431239535,14.867215070218414
8745,7,7.405028987028574,14.729013680609816,14.742523027313732
8746,8,7.356514107560149,14.59153152372456,14.643675942531907
8747,8,8.296526444638864,14.486129267637478,14.55166774765186
8748,9,8.304791532981783,14.384086931437269,14.487109807683986
8749,9,9.231616197356926,14.304599445129266,14.409682269447977
8750,9,9.215281930591786,14.221736289446424,14.314687370479001
8751,9,9.199581355186442,14.135005237719747,14.206621490693475
8752,9,9.193858228987407,14.048041681705522,14.1064726782599
8753,9,9.189982577560631,15,14.006547434788951
8754,9,9.233193985999339,14.829020878394502,14.004320620619156
8755,9,9.225308413396005,14.672132724182017,15
8756,9,9.218119660874079,14.589483899376049,14.858573196822286
8757,9,9.214350931860325,14.504998565544406,14.71829582566156
8758,9,9.21051166295417,14.418893528107928,14.595737248818043
8759,8,9.193838449772041,14.332385726545958,14.460354035507278
