0.37083333333333335,4.952012439854204,7.207621143231807
9.241666666666665,9.360138339566472,8.916704650746718
10.329166666666667,10.388046774008988,9.761087477646674
6.779166666666665,9.784865434016957,10.605042546944896
8.554166666666665,11.87709599936258,12.484611424817148
10.262500000000001,13.154884806700151,14.439058029714865
7.795833333333332,13.356259509425245,16.220284607345288
8.245833333333334,13.018919614987409,17.610619283216227
4.916666666666667,13.166671163096881,19.115751650219412
3.6875,12.245204681419056,20.754813347601157
8.600000000000001,14.68298633167855,21.741885263052918
8.012500000000001,14.916045298993199,22.39062697242771
4.941666666666666,13.418894785133105,22.796056150937037
4.2125,15.281517508413794,24.430687875628724
6.2749999999999995,15.375863219258825,26.004474655983703
4.816666666666666,16.95129046083318,27.576967628724987
5.170833333333333,16.91351987826861,29.45826321245059
6.241666666666667,17.02347964323756,30.18865368819755
6.370833333333333,17.47268739397367,30.52116377739509
2.779166666666667,15.597254139961498,30.772131646948285
7.466666666666669,20.391791448167613,32.36194862697638
6.345833333333332,19.33448113629238,34.18642234421337
5.3625,20.71699801335222,35.68670539362235
3.2708333333333335,19.707707015037737,37.548656208592256
2.0541666666666667,19.58525565827894,38.883581626615154
4.058333333333333,21.734547523404313,40.63921657971173
2.291666666666667,23.181254235495363,43.39580878892611
5.258333333333332,24.495584019392325,45.98692391863821
11.541666666666666,27.948998218632696,47.39164102142663
12.829166666666667,29.38533207136126,48.60351227676312
11.65,28.654288615630282,49.063986540932746
4.05,26.826970980977176,50.29226606997932
4.795833333333333,25.727004249371277,51.54505313711587
2.8958333333333335,25.789687198105696,52.131410390372004
6.941666666666667,26.988631386419442,52.71295093883979
5.283333333333333,29.629745860508482,54.3775279169901
7.645833333333335,29.292775559018157,56.13094689107081
9.316666666666668,30.14244146689334,56.2538272735467
2.3833333333333333,26.868070501391838,56.22358303048119
8.466666666666667,29.89199756707895,56.52062413401317
8.408333333333333,30.479914323952144,57.186923376185824
6.8625,29.9331017183985,57.61104917483819
11.729166666666666,31.642410431257854,57.702171301063
6.066666666666666,31.174019435757646,58.465209563328784
3.8375,31.387567378408374,60.7991982080452
4.2749999999999995,32.51262259744521,63.43599188324482
5.270833333333333,32.307468407546196,65.04653496615632
7.675000000000002,33.272655813641215,65.3398329274712
9.879166666666666,35.84635158545477,66.13821312257231
6.312499999999999,34.599407028058,67.46208236551225
7.875,37.10401074446221,69.35076263790707
10.016666666666666,38.879603482542215,71.6841142392527
9.966666666666667,39.4961738532084,73.4959225370869
10.35,39.770755299300866,74.86328364265965
8.395833333333334,40.776530274109895,76.57624626678516
8.979166666666668,41.10751962780482,78.53954273606614
7.620833333333333,41.16593015510311,80.11447618166017
6.679166666666666,43.35838605825209,82.82140583624728
9.083333333333334,44.01211253513893,85.41820793757843
9.358333333333333,47.76391558918173,88.3000839372989
6.166666666666667,48.204547720478395,92.77912118093684
6.708333333333333,49.77397508130749,96.96604890120852
6.625,50.778403762591466,100.59691695938933
7.375,53.29181951155079,104.19438380630343
9.166666666666666,56.0112949795106,108.0521318730236
10.958333333333334,59.2699688878862,112.30887854611326
10.083333333333334,59.26546960294067,115.9590880488292
8.208333333333334,57.184741144686626,117.44525398492084
9.25,61.49987353418022,119.67075738405497
8.5,62.46183968696007,123.72044842304761
9.958333333333334,65.81801620966871,127.9946973657024
8.75,67.28434942648956,132.46217483097038
6.041666666666667,63.88796636941598,134.85757277235666
6.291666666666667,63.34645923280835,134.91689371442612
6.916666666666667,64.86714322826289,135.31669734333857
8.416666666666666,67.97126042408378,137.6242167289495
6.833333333333333,67.57347742004818,139.9901207344811
7.291666666666667,66.38320603153569,140.67416593748314
7.333333333333333,67.39323743522898,140.88024035627495
7.875,67.10676782432357,141.3570416199025
6.0,65.75726558474484,140.78388853040292
7.708333333333333,69.04426426318845,142.06356967653588
7.666666666666667,71.74918133663104,145.1651581641698
6.25,71.85777113247325,148.55366287572247
8.208333333333334,72.76437740622664,150.8263470417595
8.791666666666666,76.28542380710454,153.80717989379744
11.458333333333334,75.16826160198255,155.6164801167991
11.291666666666666,75.74131481438829,155.4138824873386
9.583333333333334,77.90305296326021,157.45695577548497
10.862499999999999,80.74974671901445,161.12668661595924
8.308333333333334,80.93259012045166,165.07431964922964
7.083333333333333,77.87947059952693,166.62799597573817
5.583333333333333,79.01014879831861,167.23412320109523
6.833333333333333,79.47603515389387,168.83132278831212
10.125,84.41799300112893,171.26625143615203
8.958333333333334,81.01868043731457,172.53882769651787
9.291666666666666,80.30070621714977,171.23039876651353
10.208333333333334,80.56092438031645,170.14618122938808
9.625,80.51341488212991,169.46193577618288
8.458333333333334,83.26832022542048,170.96204790763602
6.75,82.86407394442872,173.73339970575674
7.0,82.87409010291856,175.5818645536451
5.666666666666667,82.88926122042166,176.65048315225374
5.791666666666667,84.37820752376106,178.53885048198183
8.916666666666666,88.18575130749268,181.69408255356973
11.458333333333334,91.1510406261537,185.2481731528585
12.375,93.40271209625102,188.7471501590945
14.041666666666666,95.56104032271008,192.17528043602672
15.541666666666666,98.0856437275779,195.5928267094603
16.25,99.9516731023521,198.97767107893506
15.291666666666666,100.9975660701548,202.28910460243011
15.416666666666666,102.22780249676403,205.51179292690088
14.875,103.5383007245003,208.65574494870702
13.791666666666666,102.08994798286504,210.56963922780253
12.791666666666666,101.68311218337043,211.13212749659453
12.458333333333334,102.14203871774589,212.21699522415864
10.666666666666666,101.5345459413249,213.0295634401757
10.875,100.49601553481337,213.33841850696146
10.583333333333334,100.60719032914842,212.89977785631652
11.35,102.93736666556332,213.97501094389864
15.233333333333334,106.3253546662374,216.42903179141308
14.708333333333334,107.62290654681026,219.077353145608
12.5,107.51740895500656,221.54052147189915
10.833333333333334,105.85108254969617,223.09706357038502
14.75,107.78121428333196,223.50092572433564
15.520833333333334,109.92041221765976,224.79349479583144
13.083333333333334,107.98385582143784,225.68093292677904
12.375,109.23973043521023,226.69700727843883
12.625,109.2902294847113,228.26426291624784
13.333333333333334,111.41531352218796,229.9385375102896
11.5,111.54683159678216,232.23533096189433
11.708333333333334,112.07052634251892,234.33708786930853
12.666666666666666,110.09608561377098,234.41361973436622
14.958333333333334,110.99469297378171,232.99368265917556
13.041666666666666,111.61100318520586,232.84336092791486
12.625,112.18435375986847,234.02129125889087
12.166666666666666,112.08870570097294,235.22032800099126
13.208333333333334,113.14418920402973,236.10069229655824
13.541666666666666,113.55603987488087,237.03205807737075
14.416666666666666,114.44665703358196,237.85568697185965
14.875,116.23427738210802,239.42624779469983
14.625,116.32637193249379,241.10733313574323
16.583333333333332,118.5345236565833,242.68700653643373
16.916666666666668,119.75322482999401,244.7161725727273
16.125,119.91799182318977,246.5707826930758
14.416666666666666,119.73607815637173,248.0819410005419
12.791666666666666,116.99063763537022,248.39144863522378
18.291666666666668,119.82818002406351,247.79276633165657
17.708333333333332,121.97031101269465,248.5273541968546
16.416666666666668,121.84154251237347,250.36352670199608
17.241666666666667,122.8654665455174,252.1203457008387
15.741666666666667,123.03988343497201,253.8564631135274
17.875,123.16207092753417,254.67683396730055
18.291666666666668,124.8294159858058,255.39032752797198
18.333333333333332,125.66107570441324,256.9998925975695
14.541666666666666,123.91247972731533,258.18560848305793
12.375,121.46188147969188,258.14922893498107
14.875,123.54227057833698,258.24723326349357
14.083333333333334,123.94674883545225,259.15381437106504
14.166666666666666,124.72243309727139,260.38181625233545
11.958333333333334,123.85676005295291,261.4669123707808
13.0,124.5806895418511,262.398421689784
12.458333333333334,123.67622529608144,262.79875902358714
17.958333333333332,126.95916733336965,262.83189599450066
17.625,128.21449540670872,263.940598421312
17.25,127.00750602328107,264.4157452279053
14.5,126.21752890181955,264.1931851523685
12.916666666666666,124.87686790971652,264.5022234693845
14.291666666666666,126.19319481128537,264.8088428305777
15.291666666666666,127.60140840157845,265.8672444532428
15.333333333333334,127.38279895682386,266.64158676135463
17.333333333333332,129.32418379491108,267.3113533118055
15.333333333333334,128.16200287577027,268.02692941172035
15.833333333333334,129.2835519295128,268.86485702305873
15.166666666666666,129.68937376547507,270.15561959181684
17.958333333333332,129.35176808813026,270.40625272877696
21.625,133.04874692382498,270.69425511189667
25.291666666666668,135.85412790988292,272.062762020347
19.166666666666668,131.84783113693422,272.212657385849
16.833333333333332,131.3724073828503,272.4622875677594
16.333333333333332,131.94463086297344,273.81176293050436
17.7625,132.68914682200418,274.91744707089356
20.625,134.88592207231693,276.080050292115
18.541666666666668,135.0589146904205,277.38801481458773
17.166666666666668,134.32374784754313,278.57775504387445
17.541666666666668,134.9844818731119,279.78973595109295
18.458333333333332,136.01379023720932,280.88173364373796
16.25,134.16679640645881,281.2221110535651
15.166666666666666,133.4984000238838,281.04285995799745
16.166666666666668,134.08236508289104,281.10394074846073
15.541666666666666,132.4746509483485,280.5934258888934
17.666666666666668,134.81532840026853,280.2013766721813
16.875,134.66620128344348,280.729204776007
14.791666666666666,133.32529015256526,280.9423403987675
16.791666666666668,135.0711859985848,281.5064643542452
18.958333333333332,136.78565272506236,282.59663670983826
21.0,136.57359891421333,282.51641200047646
18.25,136.41011770390568,282.47666162836504
16.708333333333332,134.84020829365045,282.5542354501371
17.458333333333332,133.99296210073476,281.64831056883054
18.416666666666668,136.0538137312303,281.47430590977814
15.458333333333334,135.18025522746134,282.4958325213833
16.25,135.52893675610767,283.4265009252482
18.833333333333332,137.48925779965037,284.41397219286097
21.583333333333332,139.0980585411971,285.0187809888742
20.5,139.34817796108976,285.8934733554527
21.166666666666668,139.64308071483464,286.7593896167395
22.333333333333332,140.62151897247983,287.3702604618566
24.083333333333332,142.54491999836873,288.5145076595954
22.625,142.54180819319356,289.8101265596185
19.333333333333332,139.54663373053685,290.0426016860871
20.874999999999996,141.50033806967764,290.4029857550142
17.583333333333332,140.62462960814392,291.7319823369049
19.75,141.90366211519265,292.97956897941293
19.875,141.76518320881297,293.56362502580095
18.208333333333332,139.9895690237345,293.1099971248777
18.416666666666668,141.1455366983579,293.0941218052283
19.5,141.82293651042394,293.8466432486065
19.541666666666668,142.52653992583961,294.6535392471532
19.666666666666668,142.63281661022123,295.4258267476767
21.208333333333332,144.34858169630633,296.36368068075404
20.333333333333332,143.23670461230637,296.83685139325775
18.291666666666668,142.9968073963042,297.0899809579893
18.5,143.27627858770794,297.9552073735634
18.958333333333332,142.0347489576769,297.6733715618888
18.958333333333332,140.9508579106625,296.1663440210807
17.625,142.00280885081017,295.77926746309856
16.791666666666668,141.8728837484131,296.8337879642551
17.833333333333332,143.04711375712785,297.76581424736133
17.583333333333332,143.58573680668104,298.99659566763927
17.958333333333332,143.63197637600462,299.7301953408969
19.041666666666668,142.04406844349677,299.06990320576966
22.125,145.09827764017587,298.3932058283594
23.208333333333332,146.80445702589736,299.4302910536729
19.625,144.62040147159377,299.9852215398711
15.75,140.69023126593518,299.00428108981106
16.208333333333332,140.42308327457798,297.717215943878
18.208333333333332,140.85935652670364,296.3963965791049
16.75,141.64309532506837,296.18000979042546
16.916666666666668,142.37605561016085,297.3328208402447
18.291666666666668,143.55952257039584,298.5573508800023
17.833333333333332,140.51605338921,297.7502446757127
15.5,138.27875312672742,295.2535832210319
18.425,141.7985466328921,294.79990319829955
17.875,142.85695583610942,296.34572562826105
18.333333333333332,143.583939067483,297.87329310702705
16.916666666666668,142.96038063060794,298.97960679868555
17.125,139.90603999387747,297.9594542255631
16.875,141.56842191112358,296.84175290244735
15.208333333333334,140.7464476894386,297.11246906630817
15.708333333333334,140.91758891216458,297.4704374640285
18.833333333333332,141.47402153179493,296.91371710178055
18.083333333333332,141.88116132252787,296.40564335041427
19.833333333333332,139.61521844366197,294.8749502636785
14.375,137.67953451114744,292.63006582668226
15.083333333333334,138.74848139388237,292.75761095175824
15.125,138.88242143567177,293.1918097322775
16.591666666666665,139.50747159727283,293.3231181392279
18.233333333333334,141.83974661350587,294.1968280787289
10.512500000000001,138.67361373046128,295.64033727337306
12.441666666666668,137.22157033668697,295.62123415039747
20.066666666666666,139.06440122304636,293.5019304235866
19.833333333333332,137.90294919886756,290.73042857907893
15.083333333333334,136.76859579493276,288.9696630919136
12.208333333333334,133.98349818785738,288.0446738088657
11.3125,133.64102253546164,287.1538801200689
11.508333333333335,134.6019246003992,287.49350407429597
12.125,135.69016371970577,288.57723197396746
15.5,137.98296321147322,289.84695967978104
17.083333333333332,139.7595825935111,291.21602127820205
14.166666666666666,137.76650491768356,291.6807331032046
12.625,137.6081782618428,292.27440174193333
11.983333333333334,135.66576545145526,292.2261978611269
14.137500000000001,137.75740215851266,291.8670039369892
13.708333333333334,138.0054542482114,292.5013096552576
12.708333333333334,134.81980189505043,291.45070030007713
13.416666666666666,137.1639250832356,290.8711299751058
15.875,135.0403560428169,289.67082663470796
16.666666666666668,136.13590308292456,287.4644140896111
14.916666666666666,132.78303552501924,285.3736057449341
12.416666666666666,132.92002123843005,283.7332136267117
12.3125,133.3021294814832,284.01938633194106
12.958333333333334,132.58026723868753,283.856273570901
12.25,133.4586768083305,283.7546242084056
11.291666666666666,130.97312335503761,283.18968572491025
10.666666666666666,130.0209855115908,281.8683892893583
10.458333333333334,129.72028641658002,280.585464472992
11.166666666666666,128.40966502206888,279.0005349321091
12.5,127.01869358254864,276.14651385804467
12.125,126.21569497893152,273.24514780752816
13.041666666666666,125.26466778056543,270.5833722974991
12.791666666666666,123.53353244085217,267.52139490280655
11.541666666666666,124.16416023746665,265.7699220795152
12.5,121.67910638817254,264.0374659710928
13.958333333333334,121.25470344179905,260.78046659712913
12.958333333333334,119.1772722607758,257.5652802173355
12.75,118.86646386135111,254.9727240767874
9.041666666666666,118.55109480670723,254.31002524130633
11.458333333333334,119.08793081505887,254.61565293521838
14.333333333333334,120.83160396354786,254.68080238020698
13.666666666666666,121.23704190187696,254.86054567948725
13.291666666666666,118.03917592892499,253.71514429977415
14.75,119.62310990829269,252.059147435937
12.258333333333333,118.56677062077887,251.61445534311676
5.483333333333333,114.52752468257471,251.19845815210167
6.870833333333334,111.58086807911918,249.04414007883892
9.316666666666666,112.56945532601776,246.12921782738567
10.041666666666666,111.18073155314126,243.33095180612145
10.583333333333334,109.90470050230165,239.99970024547852
10.5625,108.3137171622364,236.5959349876061
10.375,107.01852445220987,233.30201201426988
10.833333333333334,108.97761603418705,231.9070374194071
11.625,107.05100391617849,230.7529289398816
10.583333333333334,108.20844443223729,229.8825401156886
11.0,105.37009210611687,228.4075052542092
9.791666666666666,105.66446672531282,226.59206081955665
8.708333333333334,103.86902128659754,225.6175453990153
9.125,103.11541754978589,223.97976741236155
12.75,105.06844666909524,222.69166757877088
12.958333333333334,103.56432644239597,220.98294343475175
11.25,101.4114561918956,218.35865515377805
7.125,96.94801692944208,215.21536901423465
10.25,98.82299752894727,212.71097563360766
9.75,98.58919870369435,211.5100968306857
11.291666666666666,99.14894634830074,210.73248980312806
8.75,98.3555143369967,210.209052023749
4.9125,95.67805864956688,209.8251345086312
5.3374999999999995,94.42817244190127,208.77620426473842
5.125,93.81496679522287,207.26146753466617
4.791666666666667,93.94646932721264,206.39105907847804
6.125,91.66925265214313,204.60348495953704
9.875,94.46278250595545,202.6211772412876
6.625,90.9303813304083,200.53899540200766
3.75,87.75775096723622,197.64709715646606
8.858333333333334,91.43649333123928,196.18467083247273
10.083333333333334,91.32459358400446,195.35496217238833
8.833333333333334,89.97540025875634,194.06257853087968
10.583333333333334,88.80649837729834,191.933035341683
12.625,90.71206548728655,190.0938940958832
12.75,88.4150340427871,188.20811551266885
10.083333333333334,88.88815710997902,186.8584498011509
7.583333333333333,84.7548190155595,185.57469716849997
7.791666666666667,84.0872486369506,183.24787127968844
6.666666666666667,82.51987425616652,180.90313967950127
3.9583333333333335,81.57245435148513,179.59761675832348
2.75,80.16953176467584,178.79049579435107
1.9166666666666667,78.7100813365575,177.45781052805935
4.583333333333333,78.14855378663349,175.2871708020082
3.6666666666666665,77.3548331041329,172.83690319232437
2.8333333333333335,77.43908727703342,171.6554688128239
3.5,75.61934814968596,170.20533686024157
3.7916666666666665,75.9995748593315,168.48253009569473
2.875,76.23470625866172,167.87678160383814
1.5416666666666667,74.40409451223269,167.46509363408728
1.7916666666666667,74.58944880008835,166.55966507485707
3.9583333333333335,75.36589407522563,166.22539386736986
2.8333333333333335,73.27451180860795,164.8904567928567
7.958333333333333,74.69249197277408,162.61612423669342
8.208333333333334,75.26968239823148,161.047889707159
7.375,74.4493579265599,160.08736982435613
11.458333333333334,77.16231020299266,159.8895816194786
10.666666666666666,75.00338554701753,158.8428345538927
8.5,74.55725696591965,157.62071959656848
8.25,72.3020304661907,156.2614088685782
8.041666666666666,71.37327422824528,154.14127061231017
