54548.96148462296,0,0,0
0,0,0,0
26066.120797104315,0,0,0
0,0,5396.398277121936,0
27910.29543938221,0,0,0
0,0,0,0
28019.27371839231,0,0,0
0,0,5026.981398255666,0
27008.754215576988,0,0,0
0,0,0,0
21164.90256201616,0,0,0
0,0,0,0
0,0,0,0
20901.5953731385,0,0,0
0,0,0,0
18822.751147517578,0,5581.464181738834,0
0,0,0,0
20108.437130022816,0,0,0
0,0,0,0
22345.914219532835,0,0,0
0,0,5128.207468607416,0
25276.621820132903,0,0,0
0,0,0,0
23899.12791246308,0,0,0
0,0,0,0
0,0,0,0
19253.997678733693,0,0,0
0,0,0,0
0,0,0,0
0,0,5087.597459999957,0
17024.803594205474,0,0,0
0,0,0,0
0,0,0,0
0,0,0,0
0,0,0,0
0,0,0,0
15915.9537510094,0,0,0
0,0,0,0
0,0,0,0
0,0,0,0
0,0,0,0
0,0,0,0
0,0,0,0
0,0,0,0
0,0,0,0
17459.817596936544,0,0,0
0,0,0,0
0,0,0,0
0,0,0,0
16137.689157605206,0,0,0
0,0,0,0
0,0,0,0
0,0,0,0
0,0,0,0
0,0,0,0
17534.20297876362,0,5093.39157024659,0
0,0,0,0
0,0,0,0
0,0,0,0
0,0,0,0
0,0,0,0
0,0,0,0
0,0,0,0
0,0,0,0
0,0,0,0
16685.514284500783,0,0,0
0,0,0,0
0,0,0,0
0,0,0,0
0,0,0,0
0,0,0,0
0,0,0,0
17350.974355942162,0,0,0
0,0,0,0
0,0,0,0
17982.80293811118,0,5304.180498605496,0
0,0,0,0
0,0,0,0
20799.27403588422,0,0,0
0,0,0,0
0,0,0,0
19569.951292440495,0,0,0
0,0,0,0
0,0,0,0
0,0,0,0
0,0,0,0
0,0,0,0
15988.305494284657,0,0,0
0,0,0,0
0,0,0,0
0,0,0,0
17486.167534800952,0,5371.971005328155,0
0,0,0,0
0,0,0,0
16427.073413689493,0,0,0
0,0,0,0
0,0,0,0
19757.484439633758,0,0,0
0,0,0,0
0,0,5216.088497252946,0
17772.68340897472,0,0,0
0,0,0,0
0,0,0,0
17576.87374219673,0,0,0
0,0,0,0
0,0,0,0
0,0,0,0
0,0,0,0
0,0,0,0
0,0,0,0
0,0,0,0
0,0,0,0
0,0,0,0
0,0,0,0
0,0,0,0
0,0,0,0
17472.51006483011,0,0,0
0,0,0,0
0,0,0,0
0,0,5248.062020362289,0
18534.235415915708,0,0,0
0,0,0,0
0,0,0,0
0,0,0,0
0,0,0,0
15824.942274146955,0,0,0
0,0,0,0
0,0,0,0
0,0,0,0
0,0,0,0
0,0,0,0
0,0,0,0
0,0,0,0
0,0,0,0
0,0,0,0
0,0,0,0
0,0,0,0
16553.408846524962,0,0,0
0,0,0,0
0,0,0,0
0,0,0,0
0,0,0,0
0,0,0,0
0,0,0,0
17750.200694624862,0,0,0
0,0,0,0
0,0,5166.795346368202,0
16767.951262837585,0,0,0
0,0,0,0
0,0,0,0
20315.740693153595,0,0,0
0,0,0,0
0,0,0,0
16412.71135285962,0,0,0
0,0,0,0
0,0,0,0
0,0,0,0
0,0,0,0
0,0,0,0
0,0,0,0
0,0,0,0
0,0,0,0
0,0,0,0
17295.057330625008,0,0,0
0,0,0,0
0,0,0,0
0,0,5425.604162270333,0
19971.45770830265,0,0,0
0,0,0,0
0,0,0,0
17152.087070391095,0,0,0
0,0,0,0
0,0,0,0
16259.444539049096,0,0,0
0,0,0,0
0,0,0,0
15914.01332075572,0,5245.785028683916,0
0,0,0,0
0,0,0,0
0,0,0,0
0,0,0,0
0,0,0,0
0,0,0,0
0,0,0,0
17414.386731368475,0,0,0
0,0,0,0
0,0,0,0
0,0,0,0
0,0,0,0
17973.406218217446,0,0,0
0,0,0,0
0,0,0,0
0,0,5089.22961269041,0
18640.235126500484,0,0,0
0,0,0,0
17558.205768004304,0,0,0
0,0,0,0
18413.339284814378,0,0,0
0,0,0,0
18320.294420130605,0,5486.145822353018,0
0,0,0,0
0,0,0,0
18285.570709786447,0,0,0
0,0,0,0
0,0,0,0
0,0,0,0
0,0,0,0
0,0,0,0
19566.91094195071,0,0,0
0,0,0,0
0,0,0,0
18497.40735276698,0,0,0
0,0,0,0
0,0,5010.8484271756,0
21685.734084531512,0,0,0
0,0,0,0
16369.574857504469,0,0,0
0,0,0,0
19311.277553864653,0,0,0
0,0,0,0
22101.980533413687,0,0,0
0,0,5180.38629969345,0
21882.733772795746,0,0,0
0,0,0,0
20352.71359670648,0,0,0
0,0,0,0
15754.738739435219,0,0,0
0,0,0,0
0,0,0,0
0,0,0,0
17581.685861739996,0,0,0
0,0,0,0
0,0,0,0
16869.44958962911,0,0,0
0,0,0,0
0,0,5179.372814231274,0
21074.932457736464,0,0,0
0,0,0,0
17649.76172036114,0,0,0
0,0,0,0
19824.2113168882,0,0,0
0,0,0,0
0,0,0,0
18816.73867734446,0,5191.771076209035,0
0,0,0,0
0,0,0,0
0,0,0,0
16452.464798793844,0,0,0
0,0,0,0
0,0,0,0
0,0,0,0
0,0,0,0
0,0,0,0
0,0,0,0
15782.513030184331,0,0,0
0,0,0,0
0,0,0,0
0,0,0,0
0,0,0,0
0,0,0,0
18345.747917301076,0,0,0
0,0,0,0
0,0,0,0
0,0,0,0
16631.713877582584,0,5347.971448578262,0
0,0,0,0
0,0,0,0
0,0,0,0
16374.525835799332,0,0,0
0,0,0,0
0,0,0,0
0,0,0,0
17501.006300140525,0,0,0
0,0,0,0
0,0,0,0
0,0,0,0
0,0,0,0
17850.4895301298,0,0,0
0,0,0,0
0,0,0,0
0,0,0,0
17196.44889014177,0,5062.171395758324,0
0,0,0,0
0,0,0,0
0,0,0,0
16554.124803008126,0,0,0
0,0,0,0
0,0,0,0
0,0,0,0
17594.284330435505,0,4994.336958909398,0
0,0,0,0
17234.350519204338,0,0,0
0,0,0,0
18221.55679361083,0,0,0
0,0,0,0
18194.773952079275,0,0,0
0,0,5074.179342258648,0
16060.165135443372,0,0,0
0,0,0,0
0,0,0,0
17034.41799665459,0,0,0
0,0,0,0
0,0,0,0
0,0,0,0
19319.328555559383,0,0,0
0,0,0,0
0,0,0,0
18494.987465083577,0,0,0
0,0,0,0
0,0,5270.278048699921,0
21724.943766266766,0,0,0
0,0,0,0
16398.453524531404,0,0,0
0,0,0,0
17850.99887572269,0,0,0
0,0,0,0
18850.54255629723,0,0,0
0,0,5077.218317559596,0
18503.08436733321,0,0,0
0,0,0,0
17551.341861540208,0,0,0
0,0,0,0
0,0,0,0
0,0,0,0
0,0,0,0
0,0,0,0
18666.04161883851,0,0,0
0,0,0,0
0,0,0,0
19195.4627444464,0,5396.650578127212,0
0,0,0,0
0,0,0,0
20921.850704708333,0,0,0
0,0,0,0
17198.25146801281,0,0,0
0,0,0,0
16143.709045147552,0,0,0
0,0,0,0
0,0,5122.19941243491,0
19016.05188982236,0,0,0
0,0,0,0
0,0,0,0
17903.732198895286,0,0,0
0,0,0,0
0,0,0,0
17703.09057633397,0,0,0
0,0,0,0
0,0,0,0
0,0,0,0
17391.8027827346,0,0,0
0,0,0,0
0,0,0,0
15928.165018116664,0,0,0
0,0,0,0
0,0,0,0
17144.80311319091,0,5140.73862032275,0
0,0,0,0
0,0,0,0
17025.63807904621,0,0,0
0,0,0,0
0,0,0,0
21717.1674139425,0,0,0
0,0,0,0
18360.563248314003,0,0,0
0,0,0,0
18420.99794030765,0,5205.907592912156,0
0,0,0,0
16232.67156072847,0,0,0
0,0,0,0
0,0,0,0
18450.039054374316,0,0,0
0,0,0,0
0,0,0,0
0,0,0,0
0,0,0,0
0,0,0,0
17122.911238534343,0,0,0
0,0,0,0
0,0,0,0
18443.147184976435,0,0,0
0,0,0,0
0,0,0,0
22295.177412219207,0,5540.086562960579,0
0,0,0,0
16083.07287636222,0,0,0
0,0,0,0
17181.025398646114,0,0,0
0,0,0,0
18027.99237880223,0,0,0
0,0,0,0
18440.14103392897,0,0,0
0,0,5013.269887273674,0
16986.642361909686,0,0,0
0,0,0,0
0,0,0,0
17850.06326797622,0,0,0
0,0,0,0
0,0,0,0
0,0,0,0
0,0,0,0
0,0,0,0
18833.07700290659,0,0,0
0,0,0,0
0,0,0,0
18082.810058022438,0,0,0
0,0,0,0
0,0,5130.469193589616,0
21866.608178502924,0,0,0
0,0,0,0
16486.67953840229,0,0,0
0,0,0,0
0,0,0,0
20674.16641887359,0,0,0
0,0,0,0
0,0,0,0
21144.822017391834,0,5442.5702668278755,0
0,0,0,0
0,0,0,0
16714.148675049917,0,0,0
0,0,0,0
0,0,0,0
0,0,0,0
15877.531238598182,0,0,0
0,0,0,0
0,0,0,0
0,0,0,0
18173.059367628182,0,0,0
0,0,0,0
0,0,0,0
17445.33269674305,0,5195.71175769631,0
0,0,0,0
0,0,0,0
18324.43837950298,0,0,0
0,0,0,0
0,0,0,0
18831.552951507743,0,0,0
0,0,0,0
0,0,0,0
19100.257576133514,0,5112.863924017665,0
0,0,0,0
0,0,0,0
16619.650650402327,0,0,0
0,0,0,0
0,0,0,0
0,0,0,0
16398.188988909398,0,0,0
0,0,0,0
0,0,0,0
0,0,0,0
20049.457408893577,0,0,0
0,0,0,0
0,0,0,0
17394.544244805424,0,5000.773655654738,0
0,0,0,0
0,0,0,0
16858.803609534472,0,0,0
0,0,0,0
0,0,0,0
22896.30311185124,0,0,0
0,0,0,0
22850.63589458673,0,5119.373756153233,0
0,0,0,0
22030.80740648711,0,0,0
0,0,0,0
21553.45291118334,0,0,0
0,0,0,0
18917.9249813197,0,0,0
0,0,0,0
16017.057330989532,0,0,0
0,0,0,0
0,0,0,0
21101.162266385414,0,5292.725402833914,0
0,0,0,0
0,0,0,0
21408.033768837504,0,0,0
0,0,0,0
17894.500467739337,0,0,0
0,0,0,0
19977.047763236744,0,5316.078844349451,0
0,0,0,0
20384.107114529943,0,0,0
0,0,0,0
16024.525214521655,0,0,0
0,0,0,0
0,0,0,0
16465.46313632591,0,0,0
0,0,0,0
0,0,0,0
16062.78958531379,0,0,0
0,0,0,0
0,0,0,0
0,0,0,0
0,0,0,0
0,0,0,0
0,0,0,0
0,0,0,0
0,0,0,0
0,0,0,0
16257.513924455627,0,0,0
0,0,0,0
0,0,0,0
0,0,0,0
18922.84246248226,0,5134.588119587146,0
0,0,0,0
0,0,0,0
16220.761160554279,0,0,0
0,0,0,0
0,0,0,0
18461.758305513325,0,0,0
0,0,0,0
0,0,0,0
18624.630224522876,0,5123.397801897536,0
0,0,0,0
0,0,0,0
0,0,0,0
19139.662317500413,0,0,0
0,0,0,0
0,0,0,0
0,0,0,0
16780.328248569793,0,0,0
0,0,0,0
0,0,0,0
16388.066722214986,0,0,0
0,0,0,0
0,0,0,0
17972.588544832655,0,0,0
0,0,0,0
0,0,0,0
19940.576846755477,0,5453.86015334177,0
0,0,0,0
0,0,0,0
22019.87925036846,0,0,0
0,0,0,0
16094.99572169622,0,0,0
0,0,0,0
0,0,0,0
22081.90855731922,0,0,0
0,0,0,0
0,0,0,0
0,0,0,0
0,0,0,0
0,0,0,0
0,0,0,0
19527.186966871493,0,5078.758705912612,0
0,0,0,0
0,0,0,0
16043.688170144655,0,0,0
0,0,0,0
0,0,0,0
19264.431985127183,0,0,0
0,0,0,0
0,0,0,0
22052.82866430509,0,5462.926758280849,0
0,0,0,0
17456.543850280734,0,0,0
0,0,0,0
20366.09228878834,0,0,0
0,0,0,0
20838.04405101989,0,5008.6004128553095,0
0,0,0,0
19169.204247479556,0,0,0
0,0,0,0
16935.050715933594,0,0,0
0,0,0,0
0,0,0,0
0,0,0,0
19746.760360559314,0,0,0
0,0,0,0
0,0,0,0
20169.622335654363,0,0,0
0,0,0,0
16633.14236604354,0,0,0
0,0,5053.140076119342,0
17586.93619385387,0,0,0
0,0,0,0
18619.89382046202,0,0,0
0,0,0,0
19659.14847745368,0,0,0
0,0,0,0
24640.862635847436,0,5663.983903387809,0
0,0,0,0
24279.569428431598,0,0,0
0,0,0,0
24399.969600503522,0,0,0
0,0,0,0
22244.69260916104,0,5096.171459185224,0
0,0,0,0
0,0,0,0
0,0,0,0
20560.394255431653,0,0,0
0,0,0,0
0,0,0,0
19349.889668901087,0,0,0
0,0,0,0
16238.098694676648,0,0,0
0,0,0,0
18980.56767749305,0,5380.633443843559,0
0,0,0,0
20406.40285890868,0,0,0
0,0,0,0
22583.158770665883,0,0,0
0,0,0,0
21111.3239451199,0,5189.86331380737,0
0,0,0,0
17965.262710402116,0,0,0
0,0,0,0
18505.860640081606,0,0,0
0,0,0,0
18038.490071217922,0,0,0
0,0,0,0
0,0,0,0
0,0,0,0
16737.69304653969,0,0,0
0,0,0,0
0,0,0,0
0,0,0,0
18974.115970390165,0,0,0
0,0,0,0
0,0,5220.923601325437,0
20213.87410466679,0,0,0
0,0,0,0
0,0,0,0
22796.647545362706,0,0,0
0,0,0,0
17651.524096530156,0,0,0
0,0,0,0
21183.260778467647,0,5614.065235462782,0
0,0,0,0
23258.808210005936,0,0,0
0,0,0,0
23992.49350263979,0,0,0
0,0,0,0
23045.596165700135,0,5466.258795505539,0
0,0,0,0
0,0,0,0
15720.30267852205,0,0,0
0,0,0,0
0,0,0,0
0,0,0,0
0,0,0,0
20513.11998682572,0,0,0
0,0,0,0
16291.521595870625,0,5028.891104927645,0
0,0,0,0
17715.82122474556,0,0,0
0,0,0,0
20402.47988042064,0,0,0
0,0,0,0
22334.599175942476,0,5204.578570002225,0
0,0,0,0
19704.127939256843,0,0,0
0,0,0,0
18710.172032696846,0,0,0
0,0,0,0
19215.87332028401,0,0,0
0,0,5078.7609637435535,0
17245.44288611939,0,0,0
0,0,0,0
0,0,0,0
0,0,0,0
0,0,0,0
0,0,0,0
0,0,0,0
16916.765823140806,0,0,0
0,0,0,0
0,0,0,0
0,0,0,0
18268.453582155733,0,5022.527047757113,0
0,0,0,0
0,0,0,0
19547.15013695434,0,0,0
0,0,0,0
16734.801665023097,0,0,0
0,0,0,0
0,0,0,0
0,0,0,0
0,0,0,0
16565.508756098552,0,5120.24774448764,0
0,0,0,0
0,0,0,0
0,0,0,0
0,0,0,0
0,0,0,0
0,0,0,0
0,0,0,0
0,0,0,0
0,0,0,0
0,0,0,0
0,0,0,0
0,0,0,0
0,0,0,0
0,0,0,0
0,0,0,0
0,0,0,0
0,0,0,0
0,0,0,0
0,0,0,0
0,0,0,0
0,0,0,0
0,0,0,0
15864.57081264029,0,0,0
0,0,0,0
0,0,0,0
0,0,0,0
0,0,0,0
0,0,0,0
0,0,0,0
0,0,0,0
0,0,0,0
0,0,0,0
0,0,0,0
0,0,0,0
0,0,0,0
0,0,0,0
0,0,0,0
0,0,0,0
0,0,0,0
0,0,0,0
0,0,0,0
0,0,0,0
0,0,0,0
0,0,0,0
0,0,0,0
0,0,0,0
0,0,0,0
16104.827900621067,0,0,0
0,0,0,0
0,0,0,0
0,0,0,0
0,0,0,0
0,0,0,0
0,0,0,0
0,0,0,0
0,0,0,0
0,0,0,0
0,0,0,0
0,0,0,0
0,0,0,0
0,0,0,0
0,0,0,0
0,0,0,0
0,0,0,0
0,0,0,0
17992.14012252598,0,0,0
0,0,0,0
0,0,5221.253509876556,0
19189.903714619715,0,0,0
0,0,0,0
16098.343818039231,0,0,0
0,0,0,0
16428.99598166162,0,0,0
0,0,0,0
16511.71349519107,0,0,0
0,0,0,0
0,0,0,0
17865.468088694724,0,0,0
0,0,0,0
0,0,0,0
0,0,0,0
17689.141834625752,0,5238.76871784691,0
0,0,0,0
15805.99875986254,0,0,0
0,0,0,0
16332.91797429327,0,0,0
0,0,0,0
16697.722355274967,0,5052.8001078461375,0
0,0,0,0
16026.131606116052,0,0,0
0,0,0,0
17261.939437239766,0,0,0
0,0,0,0
18391.491536187,0,5274.810575895343,0
0,0,0,0
17413.13606935467,0,0,0
0,0,0,0
16784.35271223399,0,0,0
0,0,0,0
0,0,0,0
20094.907970304157,0,0,0
0,0,0,0
0,0,0,0
16672.25686286925,0,0,0
0,0,0,0
0,0,0,0
0,0,0,0
20604.494397088405,0,5162.312909795214,0
0,0,0,0
0,0,0,0
18614.824912367032,0,0,0
0,0,0,0
0,0,0,0
22639.585339947516,0,0,0
0,0,0,0
17533.891480095157,0,5257.9928466091815,0
0,0,0,0
23672.167391400493,0,0,0
0,0,0,0
25099.832281433737,0,0,0
0,0,0,0
24876.85274997037,0,5537.926288658192,0
0,0,0,0
19849.265308937287,0,0,0
0,0,0,0
0,0,0,0
16404.754290644338,0,0,0
0,0,0,0
0,0,0,0
0,0,0,0
15759.25917156521,0,0,0
0,0,0,0
0,0,0,0
20403.876843742877,0,0,0
0,0,5257.001971242645,0
18075.77414967021,0,0,0
0,0,0,0
20771.005307780913,0,0,0
0,0,0,0
23152.92001278594,0,5189.616304563761,0
0,0,0,0
0,0,0,0
17928.36273287386,0,0,0
0,0,0,0
0,0,0,0
18816.968488947692,0,0,0
0,0,0,0
0,0,0,0
16264.961405020147,0,0,0
0,0,0,0
0,0,0,0
0,0,0,0
0,0,0,0
16023.051083889257,0,0,0
0,0,0,0
0,0,0,0
0,0,0,0
16947.6807864602,0,5305.824913787625,0
0,0,0,0
0,0,0,0
0,0,0,0
19710.352445763154,0,0,0
0,0,0,0
0,0,0,0
20515.94550193967,0,0,0
0,0,4997.3226488313585,0
17832.041397566307,0,0,0
0,0,0,0
17851.385677308986,0,0,0
0,0,0,0
17060.522433191083,0,0,0
0,0,0,0
0,0,0,0
0,0,0,0
0,0,0,0
0,0,0,0
0,0,0,0
0,0,0,0
0,0,0,0
18624.061028411164,0,0,0
0,0,0,0
0,0,0,0
18328.622695903,0,5358.615629532468,0
0,0,0,0
0,0,0,0
21132.76706270897,0,0,0
0,0,0,0
16795.686832495732,0,0,0
0,0,0,0
0,0,0,0
16415.05694625493,0,0,0
0,0,0,0
0,0,0,0
16715.337481831877,0,0,0
0,0,0,0
0,0,0,0
0,0,0,0
15723.026296627502,0,0,0
0,0,0,0
0,0,0,0
0,0,0,0
0,0,0,0
0,0,0,0
18497.95224963453,0,0,0
0,0,0,0
0,0,0,0
0,0,0,0
17767.102989630854,0,5337.988765099869,0
0,0,0,0
0,0,0,0
0,0,0,0
18704.74657388745,0,0,0
0,0,0,0
0,0,0,0
0,0,0,0
0,0,0,0
17990.738344190435,0,0,0
0,0,0,0
0,0,0,0
0,0,0,0
0,0,0,0
0,0,0,0
0,0,0,0
17074.46416054726,0,0,0
0,0,0,0
0,0,0,0
0,0,0,0
0,0,0,0
0,0,0,0
16380.410819307262,0,0,0
0,0,0,0
0,0,0,0
0,0,0,0
0,0,0,0
17101.866285541153,0,0,0
0,0,0,0
18928.544939342784,0,5499.654349206378,0
0,0,0,0
28664.52911125439,0,0,0
15822.600974123396,0,0,0
0,0,0,0
28935.599690562736,0,0,0
0,0,5104.917329800571,0
24058.736035289767,0,0,0
0,0,0,0
0,0,0,0
19821.15538610114,0,0,0
0,0,0,0
0,0,0,0
0,0,0,0
17065.207957294602,0,0,0
0,0,0,0
0,0,0,0
19610.942800330115,0,0,0
0,0,0,0
19921.44851220846,0,5168.057795916608,0
0,0,0,0
23092.03408610169,0,0,0
0,0,0,0
26338.150016426003,0,0,0
0,0,0,0
0,0,0,0
0,0,0,0
17497.508831160492,0,0,0
0,0,0,0
0,0,0,0
0,0,0,0
15824.730504983138,0,0,0
0,0,0,0
0,0,0,0
0,0,0,0
0,0,0,0
0,0,0,0
0,0,0,0
0,0,0,0
0,0,0,0
16361.089596478021,0,0,0
0,0,0,0
0,0,0,0
0,0,0,0
0,0,0,0
18719.025828082704,0,5187.562340587525,0
0,0,0,0
0,0,0,0
0,0,0,0
16088.67343496696,0,0,0
0,0,0,0
0,0,0,0
0,0,0,0
17735.873621069986,0,0,0
0,0,0,0
0,0,0,0
0,0,0,0
0,0,0,0
15793.997905536757,0,0,0
0,0,0,0
0,0,0,0
0,0,0,0
0,0,0,0
0,0,0,0
18138.064128235634,0,0,0
0,0,0,0
0,0,0,0
0,0,5292.785862748975,0
16383.661321084604,0,0,0
0,0,0,0
0,0,0,0
0,0,0,0
19168.203229083567,0,0,0
0,0,0,0
0,0,5553.047763788416,0
20706.3539797132,0,0,0
0,0,0,0
0,0,0,0
19476.392594058445,0,0,0
0,0,0,0
0,0,0,0
0,0,0,0
0,0,0,0
16374.67282737457,0,0,0
0,0,0,0
0,0,0,0
0,0,0,0
0,0,0,0
17566.472675597684,0,0,0
0,0,0,0
0,0,0,0
16262.45758108383,0,5054.5404645292365,0
0,0,0,0
0,0,0,0
17656.82519199621,0,0,0
0,0,0,0
0,0,0,0
0,0,0,0
0,0,0,0
0,0,0,0
0,0,0,0
0,0,0,0
0,0,0,0
0,0,0,0
0,0,0,0
0,0,0,0
15747.519470076126,0,0,0
0,0,0,0
0,0,0,0
0,0,0,0
0,0,0,0
0,0,0,0
0,0,0,0
0,0,0,0
0,0,0,0
0,0,0,0
0,0,0,0
0,0,0,0
0,0,0,0
15880.905030622207,0,5092.599312165855,0
0,0,0,0
0,0,0,0
22361.841563536018,0,0,0
0,0,0,0
16515.134347696156,0,0,0
0,0,5296.724874096778,0
0,0,0,0
18508.94532342846,0,0,0
0,0,0,0
0,0,0,0
0,0,0,0
0,0,0,0
0,0,0,0
0,0,0,0
16578.14178637525,0,0,0
0,0,0,0
0,0,5087.210188886132,0
15725.960350554771,0,0,0
0,0,0,0
0,0,0,0
18833.582949831987,0,0,0
0,0,0,0
0,0,0,0
21906.927590760646,0,5336.488339586292,0
0,0,0,0
19120.463473890402,0,0,0
0,0,0,0
20095.60590547422,0,0,0
0,0,0,0
20003.58021446472,0,0,0
0,0,0,0
15784.595152177651,0,0,0
0,0,0,0
0,0,0,0
0,0,0,0
0,0,0,0
0,0,0,0
17631.529083389516,0,0,0
0,0,0,0
0,0,0,0
19639.220211532556,0,0,0
0,0,5029.349475322729,0
0,0,0,0
22774.22549126803,0,0,0
0,0,0,0
17911.23024187594,0,0,0
0,0,0,0
19225.271521245675,0,0,0
0,0,0,0
18386.555254372965,0,5146.87197816793,0
0,0,0,0
17663.473283029645,0,0,0
0,0,0,0
17780.23827186799,0,0,0
0,0,0,0
0,0,0,0
16763.549558500785,0,0,0
0,0,0,0
0,0,0,0
0,0,0,0
0,0,0,0
0,0,0,0
19754.216011292356,0,0,0
0,0,0,0
0,0,0,0
20577.772694118317,0,5669.9302958918715,0
0,0,0,0
0,0,0,0
22010.838965372976,0,0,0
0,0,0,0
17270.10418287266,0,0,0
0,0,0,0
17137.756626324746,0,5243.060355203138,0
0,0,0,0
15730.909462746164,0,0,0
0,0,0,0
16158.543439744179,0,0,0
0,0,0,0
0,0,0,0
19882.623489494843,0,0,0
0,0,0,0
0,0,0,0
0,0,0,0
17580.043519022405,0,0,0
0,0,0,0
0,0,0,0
0,0,0,0
19699.23136473606,0,0,0
0,0,0,0
0,0,5251.373806808295,0
18473.785051431798,0,0,0
0,0,0,0
0,0,0,0
20599.1686683563,0,0,0
0,0,0,0
15847.149976458782,0,0,0
0,0,0,0
0,0,0,0
16716.60549430731,0,5234.618317911972,0
0,0,0,0
0,0,0,0
0,0,0,0
18970.568394388854,0,0,0
0,0,0,0
0,0,0,0
0,0,0,0
0,0,0,0
0,0,0,0
16693.35097007544,0,0,0
0,0,0,0
0,0,0,0
0,0,0,0
0,0,0,0
18272.90244760654,0,0,0
0,0,0,0
0,0,5070.694264282071,0
0,0,0,0
18201.202515707126,0,0,0
0,0,0,0
0,0,0,0
0,0,0,0
0,0,0,0
17662.431432837147,0,0,0
0,0,0,0
0,0,0,0
0,0,0,0
0,0,0,0
0,0,0,0
0,0,0,0
0,0,0,0
0,0,0,0
0,0,0,0
0,0,0,0
0,0,0,0
0,0,0,0
0,0,0,0
17908.929851559024,0,0,0
0,0,0,0
0,0,0,0
0,0,0,0
0,0,0,0
0,0,5252.104987858359,0
16899.01606833521,0,0,0
0,0,0,0
0,0,0,0
19942.870499027937,0,0,0
0,0,5137.74663774304,0
17985.96190693891,0,0,0
0,0,0,0
17333.425806747215,0,0,0
0,0,0,0
0,0,0,0
0,0,0,0
18251.141983907506,0,0,0
0,0,0,0
0,0,0,0
0,0,0,0
0,0,0,0
0,0,0,0
0,0,0,0
16876.617782987996,0,0,0
0,0,0,0
0,0,5372.160072898561,0
16737.30374901667,0,0,0
0,0,0,0
0,0,0,0
21506.156587591755,0,5153.348721795239,0
0,0,0,0
0,0,0,0
19504.963922400653,0,0,0
0,0,0,0
0,0,5212.267394579266,0
19066.472872784336,0,0,0
0,0,0,0
0,0,0,0
0,0,0,0
0,0,0,0
0,0,0,0
0,0,0,0
0,0,0,0
0,0,0,0
0,0,0,0
0,0,0,0
0,0,0,0
0,0,0,0
0,0,0,0
18559.091046909118,0,0,0
0,0,0,0
0,0,0,0
15750.75688245944,0,5387.176710633055,0
0,0,0,0
0,0,0,0
0,0,0,0
17345.10401483778,0,0,0
0,0,0,0
0,0,0,0
0,0,0,0
0,0,0,0
17550.023934856523,0,0,0
0,0,0,0
0,0,0,0
0,0,0,0
0,0,0,0
0,0,0,0
0,0,0,0
0,0,0,0
0,0,0,0
0,0,0,0
0,0,0,0
0,0,0,0
0,0,0,0
0,0,0,0
0,0,0,0
0,0,0,0
17664.27375480071,0,0,0
0,0,0,0
0,0,0,0
0,0,0,0
0,0,0,0
0,0,0,0
17035.405419322193,0,0,0
0,0,0,0
0,0,0,0
0,0,0,0
0,0,0,0
0,0,0,0
0,0,0,0
0,0,0,0
0,0,0,0
0,0,0,0
0,0,0,0
0,0,0,0
0,0,0,0
16327.41997871513,0,0,0
0,0,0,0
0,0,0,0
0,0,0,0
0,0,0,0
0,0,5114.436387347994,0
17611.164604494315,0,0,0
0,0,0,0
0,0,0,0
0,0,0,0
0,0,0,0
16522.050599606147,0,0,0
0,0,0,0
0,0,0,0
0,0,0,0
0,0,0,0
0,0,0,0
0,0,0,0
0,0,0,0
0,0,0,0
0,0,0,0
0,0,0,0
0,0,0,0
0,0,0,0
0,0,0,0
0,0,0,0
16660.47933927962,0,0,0
0,0,0,0
0,0,0,0
0,0,0,0
0,0,0,0
18099.486370388648,0,5407.179055614658,0
0,0,0,0
0,0,0,0
0,0,0,0
19440.77172916949,0,0,0
0,0,0,0
0,0,0,0
0,0,0,0
0,0,0,0
0,0,0,0
0,0,0,0
0,0,0,0
0,0,0,0
0,0,0,0
0,0,0,0
0,0,0,0
0,0,0,0
17948.88819796531,0,0,0
0,0,0,0
0,0,0,0
0,0,5401.270954635625,0
17219.049631595564,0,0,0
0,0,0,0
0,0,0,0
0,0,0,0
19687.69403131719,0,0,0
0,0,5163.962717989226,0
0,0,0,0
16402.416687515502,0,0,0
0,0,0,0
0,0,0,0
0,0,0,0
0,0,0,0
0,0,0,0
0,0,0,0
0,0,0,0
0,0,0,0
0,0,0,0
0,0,0,0
0,0,0,0
0,0,0,0
0,0,0,0
0,0,0,0
18108.960453027383,0,0,0
0,0,0,0
0,0,0,0
0,0,0,0
18685.11468098634,0,0,0
0,0,0,0
0,0,0,0
19382.39010458753,0,5363.921813594602,0
0,0,0,0
0,0,0,0
17896.78526116698,0,0,0
0,0,0,0
0,0,0,0
0,0,0,0
0,0,0,0
0,0,0,0
0,0,0,0
0,0,0,0
0,0,0,0
0,0,0,0
0,0,0,0
18244.54935819899,0,0,0
0,0,0,0
0,0,0,0
0,0,5255.429319027911,0
18389.6314029223,0,0,0
0,0,0,0
0,0,0,0
16856.39662953179,0,0,0
0,0,0,0
16019.142349762602,0,0,0
0,0,5154.75804102083,0
16171.294829681738,0,0,0
0,0,0,0
0,0,0,0
19717.425467858087,0,0,0
0,0,0,0
0,0,0,0
0,0,0,0
0,0,0,0
0,0,0,0
0,0,0,0
0,0,0,0
0,0,0,0
0,0,0,0
0,0,0,0
0,0,0,0
17082.72819689973,0,0,0
0,0,0,0
0,0,0,0
18878.87463566066,0,0,0
0,0,0,0
0,0,0,0
19012.495041701575,0,5398.18463725897,0
0,0,0,0
0,0,0,0
0,0,0,0
17044.997598550646,0,0,0
0,0,0,0
0,0,0,0
0,0,0,0
0,0,0,0
0,0,0,0
0,0,0,0
0,0,0,0
0,0,0,0
0,0,0,0
0,0,0,0
0,0,0,0
0,0,0,0
0,0,0,0
18251.74633752682,0,0,0
0,0,0,0
0,0,0,0
0,0,0,0
0,0,0,0
16510.524873294842,0,0,0
0,0,0,0
0,0,0,0
0,0,0,0
0,0,0,0
16479.92140704281,0,5217.563060486544,0
0,0,0,0
0,0,0,0
0,0,0,0
0,0,0,0
0,0,0,0
0,0,0,0
0,0,0,0
0,0,0,0
0,0,0,0
0,0,0,0
0,0,0,0
0,0,0,0
0,0,0,0
0,0,0,0
0,0,0,0
0,0,0,0
18782.635758606248,0,0,0
0,0,0,0
0,0,0,0
18846.748956702064,0,0,0
0,0,5079.985351085232,0
0,0,0,0
22279.99485114611,0,0,0
0,0,0,0
16042.246292986574,0,0,0
0,0,0,0
0,0,0,0
0,0,0,0
0,0,0,0
0,0,0,0
0,0,0,0
0,0,0,0
0,0,0,0
0,0,0,0
0,0,0,0
0,0,0,0
17803.782457931113,0,4993.934461949511,0
0,0,0,0
0,0,0,0
16915.832605513093,0,0,0
0,0,0,0
0,0,0,0
20985.46196908735,0,0,0
0,0,0,0
0,0,5389.031297066193,0
20899.90929724105,0,0,0
0,0,0,0
0,0,0,0
19122.611381287184,0,0,0
0,0,0,0
0,0,0,0
0,0,0,0
0,0,0,0
0,0,0,0
0,0,0,0
0,0,0,0
0,0,0,0
0,0,0,0
0,0,0,0
0,0,0,0
0,0,0,0
19900.39085109677,0,0,0
0,0,0,0
0,0,5132.991343875304,0
18529.160063991574,0,0,0
0,0,0,0
0,0,0,0
20570.000635426783,0,0,0
0,0,0,0
16706.37906567432,0,0,0
0,0,5131.472351908018,0
16270.083295286928,0,0,0
0,0,0,0
0,0,0,0
17972.8127719423,0,0,0
0,0,0,0
0,0,0,0
0,0,0,0
0,0,0,0
0,0,0,0
0,0,0,0
0,0,0,0
0,0,0,0
0,0,0,0
0,0,0,0
16878.39105140417,0,0,0
0,0,0,0
0,0,0,0
0,0,0,0
19411.87039090909,0,0,0
0,0,0,0
0,0,5330.318914615811,0
20272.61939168826,0,0,0
0,0,0,0
16092.84557676212,0,0,0
0,0,0,0
17951.48294112988,0,0,0
0,0,0,0
0,0,0,0
0,0,0,0
0,0,0,0
0,0,0,0
0,0,0,0
0,0,0,0
0,0,0,0
0,0,0,0
0,0,0,0
0,0,0,0
0,0,0,0
0,0,0,0
0,0,0,0
17836.69252483115,0,0,0
0,0,0,0
0,0,0,0
0,0,0,0
16779.691753761123,0,5119.4819250131295,0
0,0,0,0
0,0,0,0
0,0,0,0
16535.2480733716,0,0,0
0,0,0,0
0,0,0,0
0,0,0,0
0,0,0,0
0,0,0,0
0,0,0,0
0,0,0,0
0,0,0,0
0,0,0,0
0,0,0,0
0,0,0,0
0,0,0,0
0,0,0,0
0,0,0,0
0,0,0,0
0,0,0,0
15759.559374151424,0,0,0
0,0,0,0
0,0,0,0
0,0,0,0
16724.86689616851,0,0,0
0,0,0,0
0,0,0,0
0,0,0,0
0,0,0,0
16443.654627176165,0,0,0
0,0,0,0
0,0,0,0
0,0,0,0
0,0,0,0
0,0,0,0
0,0,0,0
0,0,0,0
0,0,0,0
0,0,0,0
0,0,0,0
0,0,0,0
0,0,0,0
0,0,0,0
0,0,0,0
0,0,0,0
0,0,0,0
0,0,0,0
0,0,0,0
0,0,0,0
0,0,0,0
17344.286053603915,0,0,0
0,0,0,0
0,0,0,0
0,0,0,0
0,0,0,0
0,0,0,0
0,0,0,0
0,0,0,0
0,0,0,0
0,0,0,0
0,0,0,0
0,0,0,0
0,0,0,0
0,0,0,0
0,0,0,0
0,0,0,0
0,0,0,0
0,0,0,0
0,0,0,0
0,0,0,0
18862.44812701627,0,0,0
0,0,0,0
0,0,0,0
18783.41788235766,0,0,0
0,0,0,0
0,0,0,0
21209.940505820563,0,5388.792059971851,0
0,0,0,0
0,0,0,0
0,0,0,0
0,0,0,0
0,0,0,0
0,0,0,0
0,0,0,0
0,0,0,0
16854.91363904942,0,0,0
0,0,0,0
0,0,0,0
0,0,0,0
0,0,0,0
0,0,0,0
16128.87733145193,0,0,0
0,0,0,0
0,0,0,0
0,0,0,0
0,0,0,0
0,0,0,0
17398.773996325217,0,0,0
0,0,0,0
0,0,0,0
0,0,0,0
17799.27168008283,0,0,0
0,0,0,0
0,0,0,0
0,0,0,0
0,0,0,0
0,0,0,0
0,0,0,0
0,0,0,0
0,0,0,0
0,0,0,0
0,0,0,0
0,0,0,0
0,0,0,0
0,0,0,0
0,0,0,0
0,0,0,0
16828.593547523426,0,0,0
0,0,0,0
0,0,0,0
20820.817610810278,0,0,0
0,0,0,0
15859.764194337997,0,0,0
0,0,0,0
16547.869145248733,0,5170.2976808799585,0
0,0,0,0
0,0,0,0
0,0,0,0
0,0,0,0
0,0,0,0
0,0,0,0
0,0,0,0
0,0,0,0
0,0,0,0
0,0,0,0
0,0,0,0
0,0,0,0
0,0,0,0
0,0,0,0
0,0,0,0
0,0,0,0
0,0,0,0
0,0,0,0
0,0,0,0
17609.05665122636,0,0,0
0,0,0,0
0,0,0,0
0,0,0,0
20074.201559706613,0,0,0
0,0,0,0
0,0,0,0
0,0,0,0
0,0,0,0
0,0,0,0
0,0,0,0
0,0,0,0
0,0,0,0
0,0,0,0
0,0,0,0
0,0,0,0
0,0,0,0
0,0,0,0
0,0,0,0
0,0,0,0
0,0,0,0
0,0,0,0
0,0,0,0
0,0,0,0
0,0,0,0
17071.715579923504,0,0,0
0,0,0,0
0,0,0,0
0,0,0,0
0,0,0,0
0,0,0,0
0,0,0,0
0,0,0,0
0,0,0,0
0,0,0,0
0,0,0,0
0,0,0,0
0,0,0,0
0,0,0,0
0,0,0,0
0,0,0,0
0,0,0,0
0,0,0,0
18562.073082871197,0,0,0
0,0,0,0
0,0,0,0
21375.667854981886,0,5138.533412950752,0
0,0,0,0
16795.48952702562,0,0,0
0,0,0,0
17149.404592697094,0,0,0
0,0,0,0
0,0,0,0
18654.170287907084,0,0,0
0,0,0,0
0,0,0,0
0,0,0,0
16029.116726520853,0,0,0
0,0,0,0
0,0,0,0
0,0,0,0
0,0,0,0
0,0,0,0
17458.69822545805,0,0,0
0,0,0,0
0,0,0,0
0,0,0,0
21090.06477803074,0,5378.250899106409,0
0,0,0,0
0,0,0,0
17632.17466835706,0,0,0
0,0,0,0
0,0,0,0
20141.644160875407,0,0,0
0,0,0,0
0,0,0,0
18527.916086675643,0,5085.636052276641,0
0,0,0,0
0,0,0,0
0,0,0,0
16728.823709925848,0,0,0
0,0,0,0
0,0,0,0
0,0,0,0
0,0,0,0
17542.13751985767,0,0,0
0,0,0,0
0,0,0,0
0,0,0,0
20092.429907944686,0,0,0
0,0,0,0
0,0,0,0
18868.02930672377,0,5169.563573739613,0
0,0,0,0
0,0,0,0
17616.68829350866,0,0,0
0,0,0,0
0,0,0,0
19161.155867560305,0,0,0
0,0,0,0
0,0,0,0
17512.973419148886,0,0,0
0,0,0,0
0,0,0,0
0,0,0,0
0,0,0,0
0,0,0,0
0,0,0,0
0,0,0,0
0,0,0,0
0,0,0,0
18830.13509796885,0,0,0
0,0,0,0
0,0,0,0
0,0,0,0
21087.956723867046,0,5321.160718365406,0
0,0,0,0
0,0,0,0
16799.555658850266,0,0,0
0,0,0,0
0,0,0,0
18277.069561831104,0,0,0
0,0,0,0
0,0,0,0
17742.15314493896,0,0,0
0,0,0,0
0,0,0,0
0,0,0,0
0,0,0,0
0,0,0,0
0,0,0,0
0,0,0,0
0,0,0,0
0,0,0,0
0,0,0,0
0,0,0,0
0,0,0,0
0,0,0,0
0,0,0,0
0,0,0,0
0,0,0,0
18088.038428708558,0,0,0
0,0,0,0
0,0,0,0
17214.783035586846,0,0,0
0,0,0,0
0,0,5112.995197530426,0
20785.879326766222,0,0,0
0,0,0,0
0,0,0,0
18767.13655794037,0,0,0
0,0,0,0
0,0,0,0
0,0,0,0
0,0,0,0
0,0,0,0
0,0,0,0
0,0,0,0
0,0,0,0
0,0,0,0
17992.97523212796,0,0,0
0,0,0,0
0,0,0,0
0,0,0,0
17883.41979871052,0,0,0
0,0,0,0
0,0,0,0
16550.67164416336,0,5102.572853188748,0
0,0,0,0
0,0,0,0
0,0,0,0
19475.38407943911,0,0,0
0,0,0,0
0,0,0,0
0,0,0,0
16523.837649609235,0,0,0
0,0,0,0
0,0,0,0
0,0,0,0
0,0,0,0
16447.471423942065,0,0,0
0,0,0,0
0,0,0,0
0,0,0,0
16641.392007879946,0,0,0
0,0,0,0
0,0,0,0
0,0,0,0
19405.422267578633,0,0,0
0,0,0,0
0,0,5174.29484155788,0
17702.290735140617,0,0,0
0,0,0,0
0,0,0,0
17972.592904726218,0,0,0
0,0,0,0
0,0,0,0
19664.05205304533,0,0,0
0,0,0,0
0,0,0,0
15898.350616710753,0,0,0
0,0,0,0
0,0,0,0
0,0,0,0
0,0,0,0
0,0,0,0
0,0,0,0
0,0,0,0
0,0,0,0
0,0,0,0
16603.378136542597,0,0,0
0,0,0,0
0,0,0,0
0,0,0,0
0,0,0,0
16468.47770723533,0,0,0
0,0,0,0
0,0,0,0
0,0,0,0
17393.400514516325,0,5126.312509736233,0
0,0,0,0
0,0,0,0
0,0,0,0
0,0,0,0
0,0,0,0
16584.41345011185,0,0,0
0,0,0,0
0,0,0,0
0,0,0,0
0,0,0,0
17354.967258563018,0,0,0
0,0,0,0
0,0,0,0
0,0,0,0
18294.353831114448,0,0,0
0,0,0,0
0,0,0,0
17368.973476640746,0,5130.7214295380845,0
0,0,0,0
0,0,0,0
17618.70052893909,0,0,0
0,0,0,0
0,0,0,0
20050.546865283428,0,0,0
0,0,0,0
0,0,0,0
20226.820792047434,0,0,0
0,0,0,0
0,0,0,0
0,0,0,0
0,0,0,0
17500.2893083032,0,0,0
0,0,0,0
0,0,0,0
0,0,0,0
17868.167621127934,0,0,0
0,0,0,0
0,0,0,0
17894.487879640947,0,0,0
0,0,0,0
0,0,5066.648716010725,0
20847.436901298963,0,0,0
0,0,0,0
16101.823396814385,0,0,0
0,0,0,0
18285.513470679325,0,0,0
0,0,0,0
18395.882532855067,0,0,0
0,0,0,0
0,0,0,0
0,0,0,0
0,0,0,0
0,0,0,0
0,0,0,0
0,0,0,0
0,0,0,0
0,0,0,0
0,0,0,0
0,0,0,0
0,0,0,0
0,0,0,0
0,0,0,0
0,0,0,0
17335.92012272383,0,0,0
0,0,0,0
0,0,0,0
0,0,0,0
0,0,0,0
18797.936982424508,0,0,0
0,0,0,0
0,0,5008.4980775488175,0
16105.960202296596,0,0,0
0,0,0,0
0,0,0,0
0,0,0,0
0,0,0,0
0,0,0,0
0,0,0,0
0,0,0,0
0,0,0,0
0,0,0,0
0,0,0,0
0,0,0,0
0,0,0,0
0,0,0,0
16871.063129570914,0,0,0
0,0,0,0
0,0,0,0
15975.73754853052,0,0,0
0,0,0,0
0,0,0,0
20511.9515170866,0,5152.573255375936,0
0,0,0,0
15802.814980985582,0,0,0
0,0,0,0
17055.863825836343,0,0,0
0,0,0,0
0,0,0,0
19459.073173259672,0,0,0
0,0,0,0
0,0,0,0
0,0,0,0
0,0,0,0
0,0,0,0
0,0,0,0
0,0,0,0
0,0,0,0
0,0,0,0
0,0,0,0
16256.635685168781,0,0,0
0,0,0,0
0,0,0,0
0,0,0,0
20125.274089912167,0,0,0
0,0,0,0
0,0,5025.996751073038,0
20831.721917213614,0,0,0
0,0,0,0
0,0,0,0
17888.09199364309,0,0,0
0,0,0,0
0,0,0,0
17194.885876064094,0,0,0
0,0,0,0
0,0,0,0
0,0,0,0
0,0,0,0
0,0,0,0
0,0,0,0
0,0,0,0
0,0,0,0
0,0,0,0
0,0,0,0
0,0,0,0
0,0,0,0
0,0,0,0
0,0,0,0
17543.759625979976,0,0,0
0,0,0,0
0,0,0,0
0,0,0,0
20354.382110483086,0,5289.876932038448,0
0,0,0,0
0,0,0,0
16438.141517298107,0,0,0
0,0,0,0
0,0,0,0
0,0,0,0
0,0,0,0
0,0,0,0
0,0,0,0
0,0,0,0
0,0,0,0
0,0,0,0
0,0,0,0
0,0,0,0
0,0,0,0
0,0,0,0
0,0,0,0
0,0,0,0
0,0,0,0
0,0,0,0
16243.010914014318,0,0,0
0,0,0,0
0,0,0,0
0,0,0,0
15805.342551398538,0,0,0
0,0,0,0
0,0,0,0
0,0,0,0
0,0,0,0
0,0,0,0
0,0,0,0
0,0,0,0
0,0,0,0
0,0,0,0
0,0,0,0
0,0,0,0
0,0,0,0
0,0,0,0
0,0,0,0
0,0,0,0
0,0,0,0
0,0,0,0
0,0,0,0
0,0,0,0
0,0,0,0
0,0,0,0
0,0,0,0
16068.9788756532,0,0,0
0,0,0,0
0,0,0,0
0,0,0,0
0,0,0,0
0,0,0,0
0,0,0,0
0,0,0,0
0,0,0,0
0,0,0,0
0,0,0,0
0,0,0,0
0,0,0,0
0,0,0,0
0,0,0,0
0,0,0,0
0,0,0,0
0,0,0,0
0,0,0,0
0,0,0,0
0,0,0,0
17696.021416482537,0,0,0
0,0,0,0
0,0,0,0
0,0,0,0
17257.227580726543,0,0,0
0,0,0,0
0,0,0,0
0,0,0,0
0,0,0,0
0,0,0,0
0,0,0,0
0,0,0,0
0,0,0,0
0,0,0,0
0,0,0,0
0,0,0,0
0,0,0,0
0,0,0,0
0,0,0,0
0,0,0,0
0,0,0,0
0,0,0,0
0,0,0,0
0,0,0,0
0,0,0,0
0,0,0,0
0,0,0,0
0,0,0,0
16222.450355923342,0,0,0
0,0,0,0
0,0,0,0
0,0,0,0
0,0,0,0
0,0,0,0
0,0,0,0
0,0,0,0
0,0,0,0
0,0,0,0
0,0,0,0
0,0,0,0
0,0,0,0
0,0,0,0
0,0,0,0
0,0,0,0
0,0,0,0
0,0,0,0
0,0,0,0
0,0,0,0
20755.384475636492,0,0,0
0,0,0,0
0,0,0,0
22145.575760879874,0,0,0
0,0,0,0
15868.348172845062,0,0,0
0,0,0,0
0,0,0,0
0,0,0,0
0,0,0,0
0,0,0,0
0,0,0,0
0,0,0,0
0,0,0,0
0,0,0,0
0,0,0,0
0,0,0,0
0,0,0,0
0,0,0,0
0,0,0,0
0,0,0,0
0,0,0,0
0,0,0,0
0,0,0,0
19688.457962648255,0,0,0
0,0,0,0
0,0,0,0
16140.198604384654,0,0,0
0,0,0,0
0,0,0,0
17899.663102500755,0,0,0
0,0,0,0
0,0,0,0
0,0,0,0
0,0,0,0
0,0,0,0
16510.765488327906,0,0,0
0,0,0,0
0,0,0,0
0,0,0,0
0,0,0,0
19060.129078494298,0,0,0
0,0,0,0
0,0,0,0
0,0,0,0
20977.358262117752,0,5048.103914471384,0
0,0,0,0
0,0,0,0
20113.600484107454,0,0,0
0,0,0,0
16398.967924219203,0,0,0
0,0,0,0
0,0,0,0
22719.263604460826,0,5023.809466461184,0
0,0,0,0
0,0,0,0
0,0,0,0
18918.072435812464,0,0,0
0,0,0,0
0,0,0,0
0,0,0,0
0,0,0,0
0,0,0,0
0,0,0,0
0,0,0,0
0,0,0,0
17938.826988913526,0,0,0
0,0,0,0
0,0,0,0
19218.521345227902,0,0,0
0,0,0,0
15822.829355764634,0,0,0
0,0,0,0
17819.871789774792,0,5393.614607111984,0
0,0,0,0
17675.840786187317,0,0,0
0,0,0,0
18654.149262891366,0,0,0
0,0,0,0
0,0,0,0
16438.84598549801,0,0,0
0,0,0,0
0,0,0,0
0,0,0,0
0,0,0,0
0,0,0,0
0,0,0,0
0,0,0,0
0,0,0,0
0,0,0,0
0,0,0,0
16712.141719436917,0,0,0
0,0,0,0
0,0,0,0
0,0,0,0
16698.589470284198,0,0,0
0,0,0,0
0,0,0,0
0,0,0,0
17360.08642814632,0,0,0
0,0,0,0
0,0,0,0
0,0,0,0
0,0,0,0
0,0,0,0
0,0,0,0
0,0,0,0
0,0,0,0
0,0,0,0
0,0,0,0
0,0,0,0
0,0,0,0
0,0,0,0
0,0,0,0
0,0,0,0
0,0,0,0
0,0,0,0
0,0,0,0
0,0,0,0
0,0,0,0
0,0,0,0
0,0,0,0
18661.11341951817,0,0,0
0,0,0,0
0,0,0,0
0,0,0,0
17083.54026173083,0,0,0
0,0,0,0
0,0,0,0
0,0,0,0
0,0,0,0
0,0,0,0
0,0,0,0
0,0,0,0
16759.544363091627,0,0,0
0,0,0,0
0,0,0,0
0,0,0,0
0,0,0,0
0,0,0,0
17334.078451433084,0,0,0
0,0,0,0
0,0,0,0
0,0,0,0
15883.346441051697,0,0,0
0,0,0,0
0,0,0,0
0,0,4991.1820337873605,0
19129.945075515363,0,0,0
0,0,0,0
0,0,0,0
0,0,0,0
17476.539472110602,0,0,0
0,0,0,0
0,0,0,0
0,0,0,0
0,0,0,0
0,0,0,0
0,0,0,0
0,0,0,0
0,0,0,0
0,0,0,0
0,0,0,0
0,0,0,0
0,0,0,0
17251.603435714624,0,0,0
0,0,0,0
0,0,0,0
0,0,0,0
0,0,0,0
18053.17531486551,0,0,0
0,0,0,0
0,0,0,0
0,0,0,0
17449.591064936874,0,0,0
0,0,0,0
0,0,0,0
0,0,0,0
0,0,0,0
0,0,0,0
0,0,0,0
0,0,0,0
0,0,0,0
0,0,0,0
0,0,0,0
0,0,0,0
0,0,0,0
0,0,0,0
0,0,0,0
0,0,0,0
0,0,0,0
17039.821608941496,0,0,0
0,0,0,0
0,0,0,0
0,0,0,0
0,0,0,0
0,0,0,0
18446.72128281468,0,0,0
0,0,0,0
0,0,0,0
0,0,0,0
0,0,0,0
0,0,0,0
0,0,0,0
0,0,0,0
0,0,0,0
0,0,0,0
0,0,0,0
0,0,0,0
0,0,0,0
16214.992153295847,0,0,0
0,0,0,0
0,0,0,0
0,0,0,0
0,0,0,0
18747.273170313983,0,0,0
0,0,0,0
0,0,0,0
0,0,5023.862127199076,0
18399.761233629328,0,0,0
0,0,0,0
0,0,0,0
0,0,0,0
19136.927001758984,0,0,0
0,0,0,0
0,0,0,0
0,0,0,0
0,0,0,0
0,0,0,0
0,0,0,0
0,0,0,0
0,0,0,0
0,0,0,0
0,0,0,0
0,0,0,0
0,0,0,0
0,0,0,0
0,0,0,0
0,0,0,0
20692.53919591964,0,0,0
0,0,0,0
0,0,0,0
22629.108944064454,0,0,0
0,0,0,0
16738.67994985788,0,5034.874839709979,0
0,0,0,0
0,0,0,0
21451.102801693447,0,0,0
0,0,0,0
0,0,0,0
0,0,0,0
0,0,0,0
0,0,0,0
0,0,0,0
0,0,0,0
0,0,0,0
0,0,0,0
0,0,0,0
0,0,0,0
0,0,0,0
0,0,0,0
19429.326118921497,0,0,0
0,0,0,0
0,0,0,0
19452.094978855643,0,0,0
0,0,0,0
15951.054795457558,0,5108.8259371922995,0
0,0,0,0
17604.05694255959,0,0,0
0,0,0,0
16881.12595559407,0,0,0
0,0,0,0
0,0,0,0
0,0,0,0
0,0,0,0
0,0,0,0
0,0,0,0
0,0,0,0
0,0,0,0
0,0,0,0
0,0,0,0
0,0,0,0
15917.776868770467,0,0,0
0,0,0,0
0,0,0,0
0,0,0,0
16570.775442253307,0,0,0
0,0,0,0
0,0,0,0
17996.963470932882,0,0,0
0,0,0,0
16979.189876618686,0,5290.785400190497,0
0,0,0,0
18087.820189679907,0,0,0
0,0,0,0
16205.908118828023,0,0,0
0,0,0,0
0,0,0,0
0,0,0,0
16307.736757816483,0,0,0
0,0,0,0
0,0,0,0
0,0,0,0
0,0,0,0
0,0,0,0
0,0,0,0
0,0,0,0
17579.611462167057,0,0,0
0,0,0,0
0,0,0,0
18226.345732060796,0,0,0
0,0,0,0
16760.91753657426,0,5009.658594425214,0
0,0,0,0
18678.240283938863,0,0,0
0,0,0,0
19938.5498684477,0,0,0
0,0,0,0
18943.46416293769,0,0,0
0,0,0,0
17019.67071475636,0,0,0
0,0,0,0
0,0,0,0
0,0,0,0
0,0,0,0
0,0,0,0
0,0,0,0
0,0,0,0
0,0,0,0
0,0,0,0
0,0,0,0
0,0,0,0
17578.913521290877,0,0,0
0,0,0,0
0,0,0,0
17711.177528848773,0,0,0
0,0,0,0
0,0,0,0
18827.507871975635,0,5044.318945042552,0
0,0,0,0
0,0,0,0
19509.632161136415,0,0,0
0,0,0,0
0,0,0,0
0,0,0,0
0,0,0,0
0,0,0,0
0,0,0,0
0,0,0,0
0,0,0,0
0,0,0,0
0,0,0,0
0,0,0,0
0,0,0,0
0,0,0,0
0,0,0,0
0,0,0,0
0,0,0,0
0,0,0,0
0,0,0,0
0,0,0,0
17552.427807357017,0,0,0
0,0,0,0
0,0,0,0
0,0,0,0
19048.646060717503,0,0,0
0,0,0,0
0,0,0,0
0,0,0,0
0,0,0,0
0,0,0,0
0,0,0,0
0,0,0,0
0,0,0,0
0,0,0,0
0,0,0,0
0,0,0,0
0,0,0,0
0,0,0,0
0,0,0,0
0,0,0,0
0,0,0,0
0,0,0,0
0,0,0,0
0,0,0,0
0,0,0,0
0,0,0,0
0,0,0,0
0,0,0,0
0,0,0,0
0,0,0,0
0,0,0,0
0,0,0,0
0,0,0,0
0,0,0,0
0,0,0,0
0,0,0,0
0,0,0,0
0,0,0,0
0,0,0,0
0,0,0,0
0,0,0,0
0,0,0,0
0,0,0,0
0,0,0,0
0,0,0,0
0,0,0,0
0,0,0,0
0,0,0,0
0,0,0,0
0,0,0,0
0,0,0,0
0,0,0,0
0,0,0,0
0,0,0,0
0,0,0,0
0,0,0,0
0,0,0,0
0,0,0,0
0,0,0,0
0,0,0,0
0,0,0,0
0,0,0,0
0,0,0,0
0,0,0,0
0,0,0,0
0,0,0,0
0,0,0,0
0,0,0,0
0,0,0,0
0,0,0,0
0,0,0,0
0,0,0,0
0,0,0,0
0,0,0,0
0,0,0,0
0,0,0,0
0,0,0,0
0,0,0,0
0,0,0,0
0,0,0,0
0,0,0,0
0,0,0,0
0,0,0,0
0,0,0,0
0,0,0,0
0,0,0,0
0,0,0,0
0,0,0,0
0,0,0,0
0,0,0,0
0,0,0,0
0,0,0,0
0,0,0,0
0,0,0,0
0,0,0,0
0,0,0,0
0,0,0,0
0,0,0,0
0,0,0,0
0,0,0,0
0,0,0,0
0,0,0,0
0,0,0,0
0,0,0,0
0,0,0,0
0,0,0,0
0,0,0,0
0,0,0,0
0,0,0,0
0,0,0,0
0,0,0,0
0,0,0,0
0,0,0,0
0,0,0,0
0,0,0,0
0,0,0,0
0,0,0,0
0,0,0,0
0,0,0,0
0,0,0,0
0,0,0,0
0,0,0,0
0,0,0,0
0,0,0,0
0,0,0,0
0,0,0,0
0,0,0,0
0,0,0,0
0,0,0,0
0,0,0,0
0,0,0,0
0,0,0,0
0,0,0,0
0,0,0,0
0,0,0,0
0,0,0,0
0,0,0,0
0,0,0,0
0,0,0,0
0,0,0,0
0,0,0,0
0,0,0,0
0,0,0,0
0,0,0,0
0,0,0,0
0,0,0,0
0,0,0,0
0,0,0,0
0,0,0,0
0,0,0,0
0,0,0,0
0,0,0,0
0,0,0,0
0,0,0,0
0,0,0,0
0,0,0,0
0,0,0,0
0,0,0,0
0,0,0,0
0,0,0,0
0,0,0,0
0,0,0,0
0,0,0,0
0,0,0,0
0,0,0,0
0,0,0,0
0,0,0,0
0,0,0,0
0,0,0,0
0,0,0,0
0,0,0,0
0,0,0,0
0,0,0,0
0,0,0,0
0,0,0,0
0,0,0,0
0,0,0,0
0,0,0,0
0,0,0,0
0,0,0,0
0,0,0,0
0,0,0,0
0,0,0,0
0,0,0,0
0,0,0,0
0,0,0,0
0,0,0,0
0,0,0,0
0,0,0,0
0,0,0,0
0,0,0,0
0,0,0,0
0,0,0,0
0,0,0,0
0,0,0,0
0,0,0,0
0,0,0,0
0,0,0,0
0,0,0,0
0,0,0,0
0,0,0,0
0,0,0,0
0,0,0,0
0,0,0,0
0,0,0,0
0,0,0,0
0,0,0,0
0,0,0,0
0,0,0,0
0,0,0,0
0,0,0,0
0,0,0,0
0,0,0,0
0,0,0,0
0,0,0,0
0,0,0,0
0,0,0,0
0,0,0,0
0,0,0,0
0,0,0,0
0,0,0,0
0,0,0,0
0,0,0,0
0,0,0,0
0,0,0,0
0,0,0,0
0,0,0,0
0,0,0,0
0,0,0,0
0,0,0,0
0,0,0,0
0,0,0,0
0,0,0,0
0,0,0,0
0,0,0,0
0,0,0,0
0,0,0,0
0,0,0,0
0,0,0,0
0,0,0,0
0,0,0,0
0,0,0,0
0,0,0,0
0,0,0,0
0,0,0,0
0,0,0,0
0,0,0,0
0,0,0,0
0,0,0,0
0,0,0,0
0,0,0,0
0,0,0,0
0,0,0,0
0,0,0,0
0,0,0,0
0,0,0,0
0,0,0,0
0,0,0,0
0,0,0,0
0,0,0,0
0,0,0,0
0,0,0,0
0,0,0,0
0,0,0,0
0,0,0,0
0,0,0,0
0,0,0,0
0,0,0,0
0,0,0,0
0,0,0,0
0,0,0,0
0,0,0,0
0,0,0,0
0,0,0,0
0,0,0,0
0,0,0,0
0,0,0,0
0,0,0,0
0,0,0,0
0,0,0,0
0,0,0,0
0,0,0,0
0,0,0,0
0,0,0,0
0,0,0,0
0,0,0,0
0,0,0,0
0,0,0,0
0,0,0,0
16518.093085958637,0,0,0
0,0,0,0
0,0,0,0
0,0,0,0
0,0,0,0
0,0,0,0
15884.965934211334,0,0,0
0,0,0,0
0,0,0,0
0,0,0,0
0,0,0,0
0,0,0,0
0,0,0,0
0,0,0,0
0,0,0,0
0,0,0,0
0,0,0,0
0,0,0,0
0,0,0,0
0,0,0,0
0,0,0,0
0,0,0,0
0,0,0,0
0,0,0,0
17498.838900452505,0,0,0
0,0,0,0
0,0,0,0
0,0,0,0
18580.723723370276,0,0,0
0,0,0,0
0,0,0,0
0,0,0,0
0,0,0,0
0,0,0,0
0,0,0,0
0,0,0,0
0,0,0,0
0,0,0,0
0,0,0,0
0,0,0,0
0,0,0,0
0,0,0,0
0,0,0,0
0,0,0,0
0,0,0,0
0,0,0,0
0,0,0,0
0,0,0,0
16046.125168689417,0,0,0
0,0,0,0
0,0,0,0
0,0,0,0
16058.13598708434,0,0,0
0,0,0,0
0,0,0,0
0,0,0,0
0,0,0,0
0,0,0,0
0,0,0,0
0,0,0,0
0,0,0,0
0,0,0,0
0,0,0,0
0,0,0,0
0,0,0,0
0,0,0,0
0,0,0,0
0,0,0,0
0,0,0,0
0,0,0,0
0,0,0,0
0,0,0,0
0,0,0,0
0,0,0,0
0,0,0,0
0,0,0,0
0,0,0,0
0,0,0,0
0,0,0,0
0,0,0,0
0,0,0,0
0,0,0,0
0,0,0,0
0,0,0,0
0,0,0,0
0,0,0,0
0,0,0,0
0,0,0,0
0,0,0,0
0,0,0,0
0,0,0,0
0,0,0,0
0,0,0,0
0,0,0,0
0,0,0,0
0,0,0,0
0,0,0,0
0,0,0,0
0,0,0,0
0,0,0,0
0,0,0,0
0,0,0,0
0,0,0,0
0,0,0,0
0,0,0,0
0,0,0,0
0,0,0,0
0,0,0,0
0,0,0,0
0,0,0,0
0,0,0,0
0,0,0,0
0,0,0,0
0,0,0,0
0,0,0,0
0,0,0,0
0,0,0,0
0,0,0,0
0,0,0,0
0,0,0,0
0,0,0,0
0,0,0,0
0,0,0,0
0,0,0,0
0,0,0,0
0,0,0,0
0,0,0,0
0,0,0,0
0,0,0,0
0,0,0,0
0,0,0,0
0,0,0,0
0,0,0,0
0,0,0,0
0,0,0,0
0,0,0,0
0,0,0,0
0,0,0,0
0,0,0,0
0,0,0,0
0,0,0,0
0,0,0,0
0,0,0,0
0,0,0,0
0,0,0,0
0,0,0,0
0,0,0,0
0,0,0,0
0,0,0,0
0,0,0,0
0,0,0,0
0,0,0,0
0,0,0,0
0,0,0,0
0,0,0,0
0,0,0,0
0,0,0,0
0,0,0,0
0,0,0,0
0,0,0,0
0,0,0,0
0,0,0,0
0,0,0,0
0,0,0,0
0,0,0,0
0,0,0,0
0,0,0,0
0,0,0,0
0,0,0,0
0,0,0,0
0,0,0,0
0,0,0,0
0,0,0,0
0,0,0,0
0,0,0,0
0,0,0,0
0,0,0,0
0,0,0,0
0,0,0,0
0,0,0,0
0,0,0,0
0,0,0,0
0,0,0,0
0,0,0,0
0,0,0,0
0,0,0,0
0,0,0,0
0,0,0,0
0,0,0,0
0,0,0,0
0,0,0,0
0,0,0,0
0,0,0,0
0,0,0,0
0,0,0,0
0,0,0,0
0,0,0,0
0,0,0,0
0,0,0,0
0,0,0,0
0,0,0,0
0,0,0,0
0,0,0,0
0,0,0,0
0,0,0,0
0,0,0,0
0,0,0,0
0,0,0,0
0,0,0,0
0,0,0,0
0,0,0,0
0,0,0,0
0,0,0,0
0,0,0,0
0,0,0,0
0,0,0,0
0,0,0,0
0,0,0,0
0,0,0,0
0,0,0,0
0,0,0,0
0,0,0,0
0,0,0,0
0,0,0,0
0,0,0,0
0,0,0,0
0,0,0,0
0,0,0,0
0,0,0,0
0,0,0,0
0,0,0,0
0,0,0,0
0,0,0,0
0,0,0,0
0,0,0,0
0,0,0,0
0,0,0,0
0,0,0,0
0,0,0,0
0,0,0,0
0,0,0,0
0,0,0,0
0,0,0,0
0,0,0,0
0,0,0,0
0,0,0,0
0,0,0,0
0,0,0,0
0,0,0,0
0,0,0,0
0,0,0,0
0,0,0,0
0,0,0,0
0,0,0,0
0,0,0,0
0,0,0,0
0,0,0,0
0,0,0,0
0,0,0,0
0,0,0,0
0,0,0,0
0,0,0,0
0,0,0,0
0,0,0,0
0,0,0,0
0,0,0,0
0,0,0,0
0,0,0,0
0,0,0,0
0,0,0,0
0,0,0,0
0,0,0,0
0,0,0,0
0,0,0,0
0,0,0,0
0,0,0,0
0,0,0,0
0,0,0,0
0,0,0,0
0,0,0,0
0,0,0,0
0,0,0,0
0,0,0,0
0,0,0,0
0,0,0,0
0,0,0,0
0,0,0,0
0,0,0,0
0,0,0,0
0,0,0,0
0,0,0,0
0,0,0,0
0,0,0,0
0,0,0,0
0,0,0,0
0,0,0,0
0,0,0,0
0,0,0,0
0,0,0,0
0,0,0,0
0,0,0,0
0,0,0,0
0,0,0,0
0,0,0,0
0,0,0,0
0,0,0,0
0,0,0,0
0,0,0,0
0,0,0,0
0,0,0,0
0,0,0,0
0,0,0,0
0,0,0,0
0,0,0,0
0,0,0,0
0,0,0,0
0,0,0,0
0,0,0,0
0,0,0,0
0,0,0,0
0,0,0,0
0,0,0,0
0,0,0,0
0,0,0,0
0,0,0,0
0,0,0,0
0,0,0,0
0,0,0,0
0,0,0,0
0,0,0,0
0,0,0,0
0,0,0,0
0,0,0,0
0,0,0,0
0,0,0,0
0,0,0,0
0,0,0,0
0,0,0,0
0,0,0,0
16008.714853485397,0,0,0
0,0,0,0
0,0,0,0
0,0,0,0
0,0,0,0
0,0,0,0
0,0,0,0
0,0,0,0
0,0,0,0
0,0,0,0
0,0,0,0
0,0,0,0
0,0,0,0
0,0,0,0
0,0,0,0
0,0,0,0
0,0,0,0
0,0,0,0
0,0,0,0
0,0,0,0
0,0,0,0
0,0,0,0
0,0,0,0
0,0,0,0
0,0,0,0
0,0,0,0
0,0,0,0
0,0,0,0
0,0,0,0
0,0,0,0
0,0,0,0
0,0,0,0
0,0,0,0
0,0,0,0
0,0,0,0
0,0,0,0
0,0,0,0
0,0,0,0
0,0,0,0
0,0,0,0
0,0,0,0
0,0,0,0
0,0,0,0
0,0,0,0
0,0,0,0
0,0,0,0
0,0,0,0
0,0,0,0
0,0,0,0
0,0,0,0
0,0,0,0
0,0,0,0
0,0,0,0
0,0,0,0
0,0,0,0
0,0,0,0
0,0,0,0
0,0,0,0
0,0,0,0
0,0,0,0
0,0,0,0
0,0,0,0
0,0,0,0
0,0,0,0
0,0,0,0
0,0,0,0
0,0,0,0
0,0,0,0
0,0,0,0
0,0,0,0
0,0,0,0
0,0,0,0
0,0,0,0
0,0,0,0
0,0,0,0
0,0,0,0
0,0,0,0
0,0,0,0
0,0,0,0
0,0,0,0
0,0,0,0
0,0,0,0
0,0,0,0
0,0,0,0
0,0,0,0
0,0,0,0
0,0,0,0
0,0,0,0
0,0,0,0
0,0,0,0
0,0,0,0
0,0,0,0
0,0,0,0
0,0,0,0
0,0,0,0
0,0,0,0
0,0,0,0
0,0,0,0
0,0,0,0
0,0,0,0
0,0,0,0
0,0,0,0
0,0,0,0
0,0,0,0
0,0,0,0
0,0,0,0
0,0,0,0
0,0,0,0
0,0,0,0
0,0,0,0
0,0,0,0
0,0,0,0
0,0,0,0
0,0,0,0
0,0,0,0
0,0,0,0
0,0,0,0
0,0,0,0
0,0,0,0
0,0,0,0
0,0,0,0
0,0,0,0
0,0,0,0
0,0,0,0
0,0,0,0
0,0,0,0
0,0,0,0
0,0,0,0
0,0,0,0
0,0,0,0
0,0,0,0
0,0,0,0
0,0,0,0
0,0,0,0
0,0,0,0
0,0,0,0
0,0,0,0
0,0,0,0
0,0,0,0
0,0,0,0
0,0,0,0
0,0,0,0
0,0,0,0
0,0,0,0
0,0,0,0
0,0,0,0
0,0,0,0
0,0,0,0
0,0,0,0
0,0,0,0
0,0,0,0
0,0,0,0
0,0,0,0
0,0,0,0
0,0,0,0
0,0,0,0
0,0,0,0
0,0,0,0
0,0,0,0
0,0,0,0
0,0,0,0
0,0,0,0
0,0,0,0
0,0,0,0
0,0,0,0
0,0,0,0
0,0,0,0
0,0,0,0
0,0,0,0
0,0,0,0
0,0,0,0
0,0,0,0
0,0,0,0
0,0,0,0
0,0,0,0
0,0,0,0
0,0,0,0
0,0,0,0
0,0,0,0
0,0,0,0
0,0,0,0
0,0,0,0
0,0,0,0
0,0,0,0
0,0,0,0
0,0,0,0
0,0,0,0
0,0,0,0
0,0,0,0
0,0,0,0
0,0,0,0
0,0,0,0
0,0,0,0
0,0,0,0
0,0,0,0
0,0,0,0
0,0,0,0
0,0,0,0
0,0,0,0
0,0,0,0
0,0,0,0
0,0,0,0
0,0,0,0
0,0,0,0
0,0,0,0
0,0,0,0
0,0,0,0
0,0,0,0
0,0,0,0
0,0,0,0
0,0,0,0
0,0,0,0
0,0,0,0
0,0,0,0
0,0,0,0
0,0,0,0
0,0,0,0
0,0,0,0
0,0,0,0
0,0,0,0
0,0,0,0
0,0,0,0
0,0,0,0
0,0,0,0
0,0,0,0
0,0,0,0
0,0,0,0
0,0,0,0
0,0,0,0
0,0,0,0
0,0,0,0
0,0,0,0
0,0,0,0
0,0,0,0
0,0,0,0
0,0,0,0
0,0,0,0
0,0,0,0
0,0,0,0
0,0,0,0
0,0,0,0
0,0,0,0
0,0,0,0
0,0,0,0
0,0,0,0
0,0,0,0
0,0,0,0
0,0,0,0
0,0,0,0
0,0,0,0
0,0,0,0
0,0,0,0
0,0,0,0
0,0,0,0
0,0,0,0
0,0,0,0
0,0,0,0
0,0,0,0
0,0,0,0
0,0,0,0
0,0,0,0
0,0,0,0
0,0,0,0
0,0,0,0
0,0,0,0
0,0,0,0
0,0,0,0
0,0,0,0
0,0,0,0
0,0,0,0
0,0,0,0
0,0,0,0
0,0,0,0
0,0,0,0
0,0,0,0
0,0,0,0
0,0,0,0
0,0,0,0
0,0,0,0
0,0,0,0
0,0,0,0
0,0,0,0
0,0,0,0
0,0,0,0
0,0,0,0
0,0,0,0
0,0,0,0
0,0,0,0
0,0,0,0
0,0,0,0
0,0,0,0
0,0,0,0
0,0,0,0
0,0,0,0
0,0,0,0
0,0,0,0
0,0,0,0
0,0,0,0
0,0,0,0
0,0,0,0
0,0,0,0
0,0,0,0
0,0,0,0
0,0,0,0
0,0,0,0
0,0,0,0
0,0,0,0
0,0,0,0
0,0,0,0
0,0,0,0
0,0,0,0
0,0,0,0
0,0,0,0
0,0,0,0
0,0,0,0
0,0,0,0
0,0,0,0
0,0,0,0
0,0,0,0
0,0,0,0
0,0,0,0
0,0,0,0
0,0,0,0
0,0,0,0
0,0,0,0
0,0,0,0
0,0,0,0
0,0,0,0
0,0,0,0
0,0,0,0
0,0,0,0
0,0,0,0
0,0,0,0
0,0,0,0
0,0,0,0
0,0,0,0
0,0,0,0
0,0,0,0
0,0,0,0
0,0,0,0
0,0,0,0
0,0,0,0
0,0,0,0
0,0,0,0
0,0,0,0
0,0,0,0
0,0,0,0
0,0,0,0
0,0,0,0
0,0,0,0
0,0,0,0
0,0,0,0
0,0,0,0
0,0,0,0
0,0,0,0
0,0,0,0
0,0,0,0
0,0,0,0
0,0,0,0
0,0,0,0
0,0,0,0
0,0,0,0
0,0,0,0
0,0,0,0
0,0,0,0
0,0,0,0
0,0,0,0
0,0,0,0
0,0,0,0
0,0,0,0
0,0,0,0
0,0,0,0
0,0,0,0
0,0,0,0
0,0,0,0
0,0,0,0
0,0,0,0
0,0,0,0
0,0,0,0
0,0,0,0
0,0,0,0
0,0,0,0
0,0,0,0
0,0,0,0
0,0,0,0
0,0,0,0
0,0,0,0
0,0,0,0
0,0,0,0
0,0,0,0
0,0,0,0
0,0,0,0
0,0,0,0
0,0,0,0
0,0,0,0
0,0,0,0
0,0,0,0
0,0,0,0
0,0,0,0
0,0,0,0
0,0,0,0
0,0,0,0
0,0,0,0
0,0,0,0
0,0,0,0
0,0,0,0
0,0,0,0
0,0,0,0
0,0,0,0
0,0,0,0
0,0,0,0
0,0,0,0
0,0,0,0
0,0,0,0
0,0,0,0
0,0,0,0
0,0,0,0
0,0,0,0
0,0,0,0
0,0,0,0
0,0,0,0
0,0,0,0
0,0,0,0
0,0,0,0
0,0,0,0
0,0,0,0
0,0,0,0
0,0,0,0
0,0,0,0
0,0,0,0
0,0,0,0
0,0,0,0
0,0,0,0
0,0,0,0
0,0,0,0
0,0,0,0
0,0,0,0
0,0,0,0
0,0,0,0
0,0,0,0
0,0,0,0
0,0,0,0
0,0,0,0
0,0,0,0
0,0,0,0
0,0,0,0
0,0,0,0
0,0,0,0
0,0,0,0
0,0,0,0
0,0,0,0
0,0,0,0
0,0,0,0
0,0,0,0
0,0,0,0
0,0,0,0
0,0,0,0
0,0,0,0
0,0,0,0
0,0,0,0
0,0,0,0
0,0,0,0
0,0,0,0
0,0,0,0
0,0,0,0
0,0,0,0
0,0,0,0
0,0,0,0
0,0,0,0
0,0,0,0
0,0,0,0
0,0,0,0
0,0,0,0
0,0,0,0
0,0,0,0
0,0,0,0
0,0,0,0
0,0,0,0
0,0,0,0
0,0,0,0
0,0,0,0
0,0,0,0
0,0,0,0
0,0,0,0
0,0,0,0
0,0,0,0
0,0,0,0
0,0,0,0
0,0,0,0
0,0,0,0
0,0,0,0
0,0,0,0
0,0,0,0
0,0,0,0
0,0,0,0
0,0,0,0
0,0,0,0
0,0,0,0
0,0,0,0
0,0,0,0
0,0,0,0
0,0,0,0
0,0,0,0
0,0,0,0
0,0,0,0
0,0,0,0
0,0,0,0
0,0,0,0
0,0,0,0
0,0,0,0
0,0,0,0
0,0,0,0
0,0,0,0
0,0,0,0
0,0,0,0
0,0,0,0
0,0,0,0
0,0,0,0
0,0,0,0
0,0,0,0
0,0,0,0
0,0,0,0
0,0,0,0
0,0,0,0
0,0,0,0
0,0,0,0
0,0,0,0
0,0,0,0
0,0,0,0
0,0,0,0
0,0,0,0
0,0,0,0
0,0,0,0
0,0,0,0
0,0,0,0
0,0,0,0
0,0,0,0
0,0,0,0
0,0,0,0
0,0,0,0
0,0,0,0
0,0,0,0
0,0,0,0
0,0,0,0
0,0,0,0
0,0,0,0
0,0,0,0
0,0,0,0
0,0,0,0
0,0,0,0
0,0,0,0
0,0,0,0
0,0,0,0
0,0,0,0
0,0,0,0
0,0,0,0
0,0,0,0
0,0,0,0
0,0,0,0
0,0,0,0
0,0,0,0
0,0,0,0
0,0,0,0
0,0,0,0
0,0,0,0
0,0,0,0
0,0,0,0
0,0,0,0
0,0,0,0
0,0,0,0
0,0,0,0
0,0,0,0
0,0,0,0
0,0,0,0
0,0,0,0
0,0,0,0
0,0,0,0
0,0,0,0
0,0,0,0
0,0,0,0
0,0,0,0
0,0,0,0
0,0,0,0
0,0,0,0
0,0,0,0
0,0,0,0
0,0,0,0
0,0,0,0
0,0,0,0
0,0,0,0
0,0,0,0
0,0,0,0
0,0,0,0
0,0,0,0
0,0,0,0
0,0,0,0
0,0,0,0
0,0,0,0
0,0,0,0
0,0,0,0
0,0,0,0
0,0,0,0
0,0,0,0
0,0,0,0
0,0,0,0
0,0,0,0
0,0,0,0
0,0,0,0
0,0,0,0
0,0,0,0
0,0,0,0
0,0,0,0
0,0,0,0
0,0,0,0
0,0,0,0
0,0,0,0
0,0,0,0
0,0,0,0
0,0,0,0
0,0,0,0
0,0,0,0
0,0,0,0
0,0,0,0
0,0,0,0
16321.299370874865,0,0,0
0,0,0,0
0,0,0,0
0,0,0,0
0,0,0,0
0,0,0,0
0,0,0,0
0,0,0,0
0,0,0,0
0,0,0,0
0,0,0,0
0,0,0,0
0,0,0,0
0,0,0,0
0,0,0,0
0,0,0,0
0,0,0,0
0,0,0,0
0,0,0,0
0,0,0,0
0,0,0,0
0,0,0,0
0,0,0,0
0,0,0,0
0,0,0,0
0,0,0,0
0,0,0,0
0,0,0,0
0,0,0,0
0,0,0,0
0,0,0,0
0,0,0,0
0,0,0,0
0,0,0,0
0,0,0,0
0,0,0,0
0,0,0,0
0,0,0,0
0,0,0,0
0,0,0,0
0,0,0,0
0,0,0,0
0,0,0,0
0,0,0,0
0,0,0,0
0,0,0,0
0,0,0,0
0,0,0,0
0,0,0,0
0,0,0,0
0,0,0,0
0,0,0,0
0,0,0,0
0,0,0,0
0,0,0,0
0,0,0,0
0,0,0,0
0,0,0,0
0,0,0,0
0,0,0,0
0,0,0,0
0,0,0,0
0,0,0,0
0,0,0,0
0,0,0,0
0,0,0,0
0,0,0,0
0,0,0,0
0,0,0,0
0,0,0,0
0,0,0,0
0,0,0,0
0,0,0,0
0,0,0,0
16206.415281374379,0,0,0
0,0,0,0
0,0,0,0
0,0,0,0
0,0,0,0
0,0,0,0
0,0,0,0
0,0,0,0
0,0,0,0
0,0,0,0
0,0,0,0
0,0,0,0
0,0,0,0
0,0,0,0
0,0,0,0
0,0,0,0
0,0,0,0
16681.91152345395,0,5170.5166779111605,0
0,0,0,0
0,0,0,0
0,0,0,0
19441.311682305033,0,5570.364825634236,0
0,0,0,0
0,0,0,0
0,0,0,0
0,0,0,0
0,0,0,0
0,0,0,0
0,0,0,0
0,0,0,0
0,0,0,0
0,0,0,0
0,0,0,0
0,0,0,0
0,0,0,0
0,0,0,0
0,0,0,0
0,0,0,0
0,0,0,0
0,0,0,0
0,0,0,0
0,0,0,0
0,0,0,0
0,0,0,0
0,0,0,0
18319.85143512495,0,5047.331829853393,0
0,0,0,0
0,0,0,0
0,0,0,0
0,0,0,0
0,0,0,0
0,0,0,0
0,0,0,0
0,0,0,0
0,0,0,0
0,0,0,0
0,0,0,0
0,0,0,0
0,0,0,0
0,0,0,0
0,0,0,0
0,0,0,0
0,0,0,0
0,0,0,0
0,0,0,0
0,0,0,0
0,0,0,0
0,0,0,0
0,0,0,0
0,0,0,0
0,0,0,0
0,0,0,0
0,0,0,0
0,0,0,0
0,0,0,0
0,0,0,0
0,0,0,0
0,0,0,0
0,0,0,0
0,0,0,0
0,0,0,0
0,0,0,0
0,0,0,0
0,0,0,0
0,0,0,0
0,0,0,0
0,0,0,0
0,0,0,0
0,0,0,0
0,0,0,0
0,0,0,0
0,0,0,0
0,0,0,0
0,0,0,0
0,0,0,0
0,0,0,0
0,0,0,0
0,0,0,0
0,0,0,0
0,0,0,0
0,0,0,0
0,0,0,0
0,0,0,0
0,0,0,0
0,0,0,0
0,0,0,0
0,0,0,0
0,0,0,0
0,0,0,0
0,0,0,0
0,0,0,0
0,0,0,0
0,0,0,0
0,0,0,0
0,0,0,0
0,0,0,0
0,0,0,0
0,0,0,0
0,0,0,0
0,0,0,0
0,0,0,0
0,0,0,0
0,0,0,0
0,0,0,0
0,0,0,0
0,0,0,0
0,0,0,0
0,0,0,0
0,0,0,0
0,0,0,0
0,0,0,0
0,0,0,0
0,0,0,0
0,0,0,0
0,0,0,0
0,0,0,0
0,0,0,0
0,0,0,0
0,0,0,0
0,0,0,0
0,0,0,0
0,0,0,0
0,0,0,0
0,0,0,0
0,0,0,0
0,0,0,0
0,0,0,0
0,0,0,0
0,0,0,0
0,0,0,0
0,0,0,0
0,0,0,0
0,0,0,0
0,0,0,0
0,0,0,0
0,0,0,0
0,0,0,0
0,0,0,0
0,0,0,0
0,0,0,0
0,0,0,0
0,0,0,0
0,0,0,0
0,0,0,0
0,0,0,0
0,0,0,0
0,0,0,0
0,0,0,0
0,0,0,0
0,0,0,0
0,0,0,0
0,0,0,0
0,0,0,0
0,0,0,0
0,0,0,0
0,0,0,0
0,0,0,0
0,0,0,0
0,0,0,0
0,0,0,0
0,0,0,0
0,0,0,0
0,0,0,0
0,0,0,0
0,0,0,0
0,0,0,0
0,0,0,0
0,0,0,0
0,0,0,0
0,0,0,0
0,0,0,0
16293.29328067079,0,0,0
0,0,0,0
0,0,0,0
0,0,0,0
0,0,0,0
0,0,0,0
0,0,0,0
0,0,0,0
0,0,0,0
0,0,0,0
0,0,0,0
0,0,0,0
0,0,0,0
0,0,0,0
0,0,0,0
0,0,0,0
0,0,0,0
0,0,0,0
0,0,0,0
0,0,0,0
0,0,0,0
0,0,0,0
0,0,0,0
0,0,0,0
0,0,0,0
0,0,0,0
0,0,0,0
0,0,0,0
0,0,0,0
0,0,0,0
0,0,0,0
0,0,0,0
0,0,0,0
0,0,0,0
0,0,0,0
0,0,0,0
0,0,0,0
0,0,0,0
0,0,0,0
0,0,0,0
0,0,0,0
0,0,0,0
0,0,0,0
0,0,0,0
0,0,0,0
0,0,0,0
0,0,0,0
0,0,0,0
0,0,0,0
0,0,0,0
0,0,0,0
0,0,0,0
0,0,0,0
0,0,0,0
0,0,0,0
0,0,0,0
0,0,0,0
0,0,0,0
0,0,0,0
0,0,0,0
0,0,0,0
0,0,0,0
0,0,0,0
0,0,0,0
0,0,0,0
0,0,0,0
0,0,0,0
0,0,0,0
0,0,0,0
0,0,0,0
0,0,0,0
0,0,0,0
0,0,0,0
0,0,0,0
0,0,0,0
0,0,0,0
0,0,0,0
0,0,0,0
0,0,0,0
0,0,0,0
0,0,0,0
0,0,0,0
0,0,0,0
0,0,0,0
0,0,0,0
0,0,0,0
0,0,0,0
0,0,0,0
0,0,0,0
0,0,0,0
0,0,0,0
0,0,0,0
0,0,0,0
0,0,0,0
0,0,0,0
0,0,0,0
0,0,0,0
0,0,0,0
0,0,0,0
0,0,0,0
0,0,0,0
0,0,0,0
0,0,0,0
0,0,0,0
0,0,0,0
0,0,0,0
0,0,0,0
0,0,0,0
0,0,0,0
0,0,0,0
0,0,0,0
0,0,0,0
0,0,0,0
0,0,0,0
0,0,0,0
0,0,0,0
0,0,0,0
0,0,0,0
0,0,0,0
0,0,0,0
0,0,0,0
0,0,0,0
0,0,0,0
0,0,0,0
0,0,0,0
0,0,0,0
0,0,0,0
0,0,0,0
0,0,0,0
0,0,0,0
0,0,0,0
0,0,0,0
0,0,0,0
0,0,0,0
0,0,0,0
0,0,0,0
0,0,0,0
0,0,0,0
0,0,0,0
0,0,0,0
0,0,0,0
0,0,0,0
0,0,0,0
0,0,0,0
0,0,0,0
0,0,0,0
0,0,0,0
0,0,0,0
0,0,0,0
0,0,0,0
0,0,0,0
0,0,0,0
0,0,0,0
0,0,0,0
0,0,0,0
0,0,0,0
0,0,0,0
0,0,0,0
0,0,0,0
0,0,0,0
0,0,0,0
0,0,0,0
0,0,0,0
0,0,0,0
0,0,0,0
0,0,0,0
0,0,0,0
0,0,0,0
0,0,0,0
0,0,0,0
0,0,0,0
0,0,0,0
0,0,0,0
0,0,0,0
0,0,0,0
0,0,0,0
0,0,0,0
0,0,0,0
0,0,0,0
0,0,0,0
0,0,0,0
0,0,0,0
0,0,0,0
0,0,0,0
0,0,0,0
0,0,0,0
0,0,0,0
0,0,0,0
0,0,0,0
0,0,0,0
0,0,0,0
0,0,0,0
0,0,0,0
0,0,0,0
0,0,0,0
0,0,0,0
0,0,0,0
0,0,0,0
0,0,0,0
0,0,0,0
0,0,0,0
0,0,0,0
0,0,0,0
0,0,0,0
0,0,0,0
0,0,0,0
0,0,0,0
0,0,0,0
0,0,0,0
0,0,0,0
0,0,0,0
0,0,0,0
0,0,0,0
0,0,0,0
0,0,0,0
0,0,0,0
0,0,0,0
0,0,0,0
0,0,0,0
0,0,0,0
0,0,0,0
0,0,0,0
0,0,0,0
0,0,0,0
0,0,0,0
0,0,0,0
0,0,0,0
0,0,0,0
0,0,0,0
0,0,0,0
0,0,0,0
0,0,0,0
0,0,0,0
0,0,0,0
0,0,0,0
0,0,0,0
0,0,0,0
0,0,0,0
0,0,0,0
0,0,0,0
0,0,0,0
0,0,0,0
0,0,0,0
0,0,0,0
0,0,0,0
0,0,0,0
0,0,0,0
0,0,0,0
0,0,0,0
0,0,0,0
0,0,0,0
0,0,0,0
0,0,0,0
0,0,0,0
0,0,0,0
0,0,0,0
0,0,0,0
0,0,0,0
0,0,0,0
0,0,0,0
0,0,0,0
0,0,0,0
0,0,0,0
0,0,0,0
0,0,0,0
0,0,0,0
0,0,0,0
0,0,0,0
0,0,0,0
0,0,0,0
0,0,0,0
0,0,0,0
0,0,0,0
0,0,0,0
0,0,0,0
0,0,0,0
0,0,0,0
0,0,0,0
0,0,0,0
0,0,0,0
0,0,0,0
0,0,0,0
0,0,0,0
0,0,0,0
0,0,0,0
0,0,0,0
0,0,0,0
0,0,0,0
0,0,0,0
0,0,0,0
0,0,0,0
0,0,0,0
0,0,0,0
0,0,0,0
0,0,0,0
0,0,0,0
0,0,0,0
0,0,0,0
0,0,0,0
0,0,0,0
0,0,0,0
0,0,0,0
0,0,0,0
0,0,0,0
0,0,0,0
0,0,0,0
0,0,0,0
0,0,0,0
0,0,0,0
0,0,0,0
0,0,0,0
0,0,0,0
0,0,0,0
0,0,0,0
0,0,0,0
0,0,0,0
0,0,0,0
0,0,0,0
0,0,0,0
0,0,0,0
0,0,0,0
0,0,0,0
0,0,0,0
0,0,0,0
0,0,0,0
0,0,0,0
0,0,0,0
0,0,0,0
0,0,0,0
0,0,0,0
0,0,0,0
0,0,0,0
0,0,0,0
0,0,0,0
0,0,0,0
0,0,0,0
0,0,0,0
0,0,0,0
0,0,0,0
0,0,0,0
0,0,0,0
0,0,0,0
0,0,0,0
0,0,0,0
0,0,0,0
0,0,0,0
0,0,0,0
0,0,0,0
0,0,0,0
0,0,0,0
0,0,0,0
0,0,0,0
0,0,0,0
0,0,0,0
0,0,0,0
0,0,0,0
0,0,0,0
0,0,0,0
0,0,0,0
0,0,0,0
0,0,0,0
0,0,0,0
0,0,0,0
0,0,0,0
0,0,0,0
0,0,0,0
0,0,0,0
0,0,0,0
0,0,0,0
0,0,0,0
0,0,0,0
0,0,0,0
0,0,0,0
0,0,0,0
0,0,0,0
0,0,0,0
0,0,0,0
0,0,0,0
0,0,0,0
0,0,0,0
0,0,0,0
0,0,0,0
0,0,0,0
0,0,0,0
0,0,0,0
0,0,0,0
0,0,0,0
0,0,0,0
0,0,0,0
0,0,0,0
0,0,0,0
0,0,0,0
0,0,0,0
0,0,0,0
0,0,0,0
0,0,0,0
0,0,0,0
0,0,0,0
0,0,0,0
0,0,0,0
0,0,0,0
0,0,0,0
0,0,0,0
0,0,0,0
0,0,0,0
0,0,0,0
0,0,0,0
0,0,0,0
0,0,0,0
0,0,0,0
0,0,0,0
0,0,0,0
0,0,0,0
0,0,0,0
0,0,0,0
0,0,0,0
0,0,0,0
0,0,0,0
0,0,0,0
0,0,0,0
0,0,0,0
0,0,0,0
0,0,0,0
0,0,0,0
0,0,0,0
0,0,0,0
0,0,0,0
0,0,0,0
0,0,0,0
0,0,0,0
0,0,0,0
0,0,0,0
0,0,0,0
0,0,0,0
0,0,0,0
0,0,0,0
0,0,0,0
0,0,0,0
0,0,0,0
0,0,0,0
0,0,0,0
0,0,0,0
0,0,0,0
0,0,0,0
0,0,0,0
0,0,0,0
0,0,0,0
0,0,0,0
0,0,0,0
0,0,0,0
0,0,0,0
0,0,0,0
0,0,0,0
0,0,0,0
0,0,0,0
0,0,0,0
0,0,0,0
0,0,0,0
0,0,0,0
0,0,0,0
0,0,0,0
0,0,0,0
0,0,0,0
0,0,0,0
0,0,0,0
0,0,0,0
0,0,0,0
0,0,0,0
0,0,0,0
0,0,0,0
0,0,0,0
0,0,0,0
0,0,0,0
0,0,0,0
0,0,0,0
0,0,0,0
0,0,0,0
0,0,0,0
0,0,0,0
0,0,0,0
0,0,0,0
0,0,0,0
0,0,0,0
0,0,0,0
0,0,0,0
0,0,0,0
0,0,0,0
0,0,0,0
0,0,0,0
0,0,0,0
0,0,0,0
0,0,0,0
0,0,0,0
0,0,0,0
0,0,0,0
0,0,0,0
0,0,0,0
0,0,0,0
0,0,0,0
0,0,0,0
0,0,0,0
0,0,0,0
0,0,0,0
0,0,0,0
0,0,0,0
0,0,0,0
0,0,0,0
0,0,0,0
0,0,0,0
0,0,0,0
0,0,0,0
0,0,0,0
0,0,0,0
0,0,0,0
0,0,0,0
0,0,0,0
0,0,0,0
0,0,0,0
0,0,0,0
0,0,0,0
0,0,0,0
0,0,0,0
0,0,0,0
0,0,0,0
0,0,0,0
0,0,0,0
0,0,0,0
0,0,0,0
0,0,0,0
0,0,0,0
0,0,0,0
0,0,0,0
0,0,0,0
0,0,0,0
0,0,0,0
0,0,0,0
0,0,0,0
0,0,0,0
0,0,0,0
0,0,0,0
0,0,0,0
0,0,0,0
0,0,0,0
0,0,0,0
0,0,0,0
0,0,0,0
0,0,0,0
0,0,0,0
0,0,0,0
0,0,0,0
0,0,0,0
0,0,0,0
0,0,0,0
0,0,0,0
0,0,0,0
0,0,0,0
0,0,0,0
0,0,0,0
0,0,0,0
0,0,0,0
0,0,0,0
0,0,0,0
0,0,0,0
0,0,0,0
0,0,0,0
0,0,0,0
0,0,0,0
0,0,0,0
0,0,0,0
0,0,0,0
0,0,0,0
0,0,0,0
0,0,0,0
0,0,0,0
0,0,0,0
0,0,0,0
0,0,0,0
0,0,0,0
0,0,0,0
0,0,0,0
0,0,0,0
0,0,0,0
0,0,0,0
0,0,0,0
0,0,0,0
0,0,0,0
0,0,0,0
0,0,0,0
0,0,0,0
0,0,0,0
0,0,0,0
0,0,0,0
0,0,0,0
0,0,0,0
0,0,0,0
0,0,0,0
0,0,0,0
0,0,0,0
0,0,0,0
0,0,0,0
0,0,0,0
0,0,0,0
0,0,0,0
0,0,0,0
0,0,0,0
0,0,0,0
0,0,0,0
0,0,0,0
0,0,0,0
0,0,0,0
0,0,0,0
0,0,0,0
0,0,0,0
0,0,0,0
0,0,0,0
0,0,0,0
0,0,0,0
0,0,0,0
0,0,0,0
0,0,0,0
0,0,0,0
0,0,0,0
0,0,0,0
0,0,0,0
0,0,0,0
0,0,0,0
0,0,0,0
0,0,0,0
0,0,0,0
0,0,0,0
0,0,0,0
0,0,0,0
0,0,0,0
0,0,0,0
0,0,0,0
0,0,0,0
0,0,0,0
0,0,0,0
0,0,0,0
0,0,0,0
0,0,0,0
0,0,0,0
0,0,0,0
0,0,0,0
0,0,0,0
0,0,0,0
0,0,0,0
0,0,0,0
0,0,0,0
0,0,0,0
0,0,0,0
0,0,0,0
0,0,0,0
0,0,0,0
0,0,0,0
0,0,0,0
0,0,0,0
0,0,0,0
0,0,0,0
0,0,0,0
0,0,0,0
0,0,0,0
0,0,0,0
0,0,0,0
0,0,0,0
0,0,0,0
0,0,0,0
0,0,0,0
0,0,0,0
0,0,0,0
0,0,0,0
0,0,0,0
0,0,0,0
0,0,0,0
0,0,0,0
0,0,0,0
0,0,0,0
0,0,0,0
0,0,0,0
0,0,0,0
0,0,0,0
0,0,0,0
0,0,0,0
0,0,0,0
0,0,0,0
0,0,0,0
0,0,0,0
0,0,0,0
0,0,0,0
0,0,0,0
0,0,0,0
0,0,0,0
0,0,0,0
0,0,0,0
0,0,0,0
0,0,0,0
0,0,0,0
0,0,0,0
0,0,0,0
0,0,0,0
0,0,0,0
0,0,0,0
0,0,0,0
0,0,0,0
0,0,0,0
0,0,0,0
0,0,0,0
0,0,0,0
0,0,0,0
0,0,0,0
0,0,0,0
0,0,0,0
0,0,0,0
0,0,0,0
0,0,0,0
0,0,0,0
0,0,0,0
0,0,0,0
0,0,0,0
0,0,0,0
0,0,0,0
0,0,0,0
0,0,0,0
0,0,0,0
0,0,0,0
0,0,0,0
0,0,0,0
0,0,0,0
0,0,0,0
0,0,0,0
0,0,0,0
0,0,0,0
0,0,0,0
0,0,0,0
0,0,0,0
0,0,0,0
0,0,0,0
0,0,0,0
0,0,0,0
0,0,0,0
0,0,0,0
0,0,0,0
0,0,0,0
0,0,0,0
0,0,0,0
0,0,0,0
0,0,0,0
0,0,0,0
0,0,0,0
0,0,0,0
0,0,0,0
0,0,0,0
0,0,0,0
0,0,0,0
0,0,0,0
0,0,0,0
0,0,0,0
0,0,0,0
0,0,0,0
0,0,0,0
0,0,0,0
0,0,0,0
0,0,0,0
0,0,0,0
0,0,0,0
0,0,0,0
0,0,0,0
0,0,0,0
0,0,0,0
0,0,0,0
0,0,0,0
0,0,0,0
0,0,0,0
0,0,0,0
0,0,0,0
0,0,0,0
0,0,0,0
0,0,0,0
0,0,0,0
0,0,0,0
0,0,0,0
0,0,0,0
0,0,0,0
0,0,0,0
0,0,0,0
0,0,0,0
0,0,0,0
0,0,0,0
0,0,0,0
0,0,0,0
0,0,0,0
0,0,0,0
0,0,0,0
0,0,0,0
0,0,0,0
0,0,0,0
0,0,0,0
0,0,0,0
0,0,0,0
0,0,0,0
0,0,0,0
0,0,0,0
0,0,0,0
0,0,0,0
0,0,0,0
0,0,0,0
0,0,0,0
0,0,0,0
0,0,0,0
0,0,0,0
0,0,0,0
0,0,0,0
0,0,0,0
0,0,0,0
0,0,0,0
0,0,0,0
0,0,0,0
0,0,0,0
0,0,0,0
0,0,0,0
0,0,0,0
0,0,0,0
0,0,0,0
0,0,0,0
0,0,0,0
0,0,0,0
0,0,0,0
0,0,0,0
0,0,0,0
0,0,0,0
0,0,0,0
0,0,0,0
0,0,0,0
0,0,0,0
0,0,0,0
0,0,0,0
0,0,0,0
0,0,0,0
0,0,0,0
0,0,0,0
0,0,0,0
0,0,0,0
0,0,0,0
0,0,0,0
0,0,0,0
0,0,0,0
0,0,0,0
0,0,0,0
0,0,0,0
0,0,0,0
0,0,0,0
0,0,0,0
0,0,0,0
0,0,0,0
0,0,0,0
0,0,0,0
0,0,0,0
0,0,0,0
0,0,0,0
0,0,0,0
0,0,0,0
0,0,0,0
0,0,0,0
0,0,0,0
0,0,0,0
0,0,0,0
0,0,0,0
0,0,0,0
0,0,0,0
0,0,0,0
0,0,0,0
0,0,0,0
0,0,0,0
0,0,0,0
0,0,0,0
0,0,0,0
0,0,0,0
0,0,0,0
0,0,0,0
0,0,0,0
0,0,0,0
0,0,0,0
0,0,0,0
0,0,0,0
0,0,0,0
0,0,0,0
0,0,0,0
0,0,0,0
0,0,0,0
0,0,0,0
0,0,0,0
0,0,0,0
0,0,0,0
0,0,0,0
0,0,0,0
0,0,0,0
0,0,0,0
0,0,0,0
0,0,0,0
0,0,0,0
0,0,0,0
0,0,0,0
0,0,0,0
0,0,0,0
0,0,0,0
0,0,0,0
0,0,0,0
0,0,0,0
0,0,0,0
0,0,0,0
0,0,0,0
0,0,0,0
0,0,0,0
0,0,0,0
0,0,0,0
0,0,0,0
0,0,0,0
0,0,0,0
0,0,0,0
0,0,0,0
0,0,0,0
0,0,0,0
0,0,0,0
0,0,0,0
0,0,0,0
0,0,0,0
0,0,0,0
0,0,0,0
0,0,0,0
0,0,0,0
0,0,0,0
0,0,0,0
0,0,0,0
0,0,0,0
0,0,0,0
0,0,0,0
0,0,0,0
0,0,0,0
0,0,0,0
0,0,0,0
0,0,0,0
0,0,0,0
0,0,0,0
0,0,0,0
0,0,0,0
0,0,0,0
0,0,0,0
0,0,0,0
0,0,0,0
0,0,0,0
0,0,0,0
0,0,0,0
0,0,0,0
0,0,0,0
0,0,0,0
0,0,0,0
0,0,0,0
0,0,0,0
0,0,0,0
0,0,0,0
0,0,0,0
0,0,0,0
0,0,0,0
0,0,0,0
0,0,0,0
0,0,0,0
0,0,0,0
0,0,0,0
0,0,0,0
0,0,0,0
0,0,0,0
0,0,0,0
0,0,0,0
0,0,0,0
0,0,0,0
0,0,0,0
0,0,0,0
0,0,0,0
0,0,0,0
0,0,0,0
0,0,0,0
0,0,0,0
0,0,0,0
0,0,0,0
0,0,0,0
0,0,0,0
0,0,0,0
0,0,0,0
0,0,0,0
0,0,0,0
0,0,0,0
0,0,0,0
0,0,0,0
0,0,0,0
0,0,0,0
0,0,0,0
0,0,0,0
0,0,0,0
0,0,0,0
0,0,0,0
0,0,0,0
0,0,0,0
0,0,0,0
0,0,0,0
0,0,0,0
0,0,0,0
0,0,0,0
0,0,0,0
0,0,0,0
0,0,0,0
0,0,0,0
0,0,0,0
0,0,0,0
0,0,0,0
0,0,0,0
0,0,0,0
0,0,0,0
0,0,0,0
0,0,0,0
0,0,0,0
0,0,0,0
0,0,0,0
0,0,0,0
0,0,0,0
0,0,0,0
0,0,0,0
0,0,0,0
0,0,0,0
0,0,0,0
0,0,0,0
0,0,0,0
0,0,0,0
0,0,0,0
0,0,0,0
0,0,0,0
0,0,0,0
0,0,0,0
0,0,0,0
0,0,0,0
0,0,0,0
0,0,0,0
0,0,0,0
0,0,0,0
0,0,0,0
0,0,0,0
0,0,0,0
0,0,0,0
0,0,0,0
0,0,0,0
0,0,0,0
0,0,0,0
0,0,0,0
0,0,0,0
0,0,0,0
0,0,0,0
0,0,0,0
0,0,0,0
0,0,0,0
0,0,0,0
0,0,0,0
0,0,0,0
0,0,0,0
0,0,0,0
0,0,0,0
0,0,0,0
0,0,0,0
0,0,0,0
0,0,0,0
0,0,0,0
0,0,0,0
0,0,0,0
0,0,0,0
0,0,0,0
0,0,0,0
0,0,0,0
0,0,0,0
0,0,0,0
0,0,0,0
0,0,0,0
0,0,0,0
0,0,0,0
0,0,0,0
0,0,0,0
0,0,0,0
0,0,0,0
0,0,0,0
0,0,0,0
0,0,0,0
0,0,0,0
0,0,0,0
0,0,0,0
0,0,0,0
0,0,0,0
0,0,0,0
0,0,0,0
0,0,0,0
0,0,0,0
0,0,0,0
0,0,0,0
0,0,0,0
0,0,0,0
0,0,0,0
0,0,0,0
0,0,0,0
0,0,0,0
0,0,0,0
0,0,0,0
0,0,0,0
0,0,0,0
0,0,0,0
0,0,0,0
0,0,0,0
0,0,0,0
0,0,0,0
0,0,0,0
0,0,0,0
0,0,0,0
0,0,0,0
0,0,0,0
0,0,0,0
0,0,0,0
0,0,0,0
0,0,0,0
0,0,0,0
0,0,0,0
0,0,0,0
0,0,0,0
0,0,0,0
0,0,0,0
0,0,0,0
0,0,0,0
0,0,0,0
0,0,0,0
0,0,0,0
0,0,0,0
0,0,0,0
0,0,0,0
0,0,0,0
0,0,0,0
0,0,0,0
0,0,0,0
0,0,0,0
0,0,0,0
0,0,0,0
0,0,0,0
0,0,0,0
0,0,0,0
0,0,0,0
0,0,0,0
0,0,0,0
0,0,0,0
0,0,0,0
0,0,0,0
0,0,0,0
0,0,0,0
0,0,0,0
0,0,0,0
0,0,0,0
0,0,0,0
0,0,0,0
0,0,0,0
0,0,0,0
0,0,0,0
0,0,0,0
0,0,0,0
0,0,0,0
0,0,0,0
0,0,0,0
0,0,0,0
0,0,0,0
0,0,0,0
0,0,0,0
0,0,0,0
0,0,0,0
0,0,0,0
0,0,0,0
0,0,0,0
0,0,0,0
0,0,0,0
0,0,0,0
0,0,0,0
0,0,0,0
0,0,0,0
0,0,0,0
0,0,0,0
0,0,0,0
0,0,0,0
0,0,0,0
0,0,0,0
0,0,0,0
0,0,0,0
0,0,0,0
0,0,0,0
0,0,0,0
0,0,0,0
0,0,0,0
0,0,0,0
0,0,0,0
0,0,0,0
0,0,0,0
0,0,0,0
0,0,0,0
0,0,0,0
0,0,0,0
0,0,0,0
0,0,0,0
0,0,0,0
0,0,0,0
0,0,0,0
0,0,0,0
0,0,0,0
0,0,0,0
0,0,0,0
0,0,0,0
0,0,0,0
0,0,0,0
0,0,0,0
0,0,0,0
0,0,0,0
0,0,0,0
0,0,0,0
0,0,0,0
0,0,0,0
0,0,0,0
0,0,0,0
0,0,0,0
0,0,0,0
0,0,0,0
0,0,0,0
0,0,0,0
0,0,0,0
0,0,0,0
0,0,0,0
0,0,0,0
0,0,0,0
0,0,0,0
0,0,0,0
0,0,0,0
0,0,0,0
0,0,0,0
0,0,0,0
0,0,0,0
0,0,0,0
0,0,0,0
0,0,0,0
0,0,0,0
0,0,0,0
0,0,0,0
0,0,0,0
0,0,0,0
0,0,0,0
0,0,0,0
0,0,0,0
0,0,0,0
0,0,0,0
0,0,0,0
0,0,0,0
0,0,0,0
0,0,0,0
0,0,0,0
0,0,0,0
0,0,0,0
0,0,0,0
0,0,0,0
0,0,0,0
0,0,0,0
0,0,0,0
0,0,0,0
0,0,0,0
0,0,0,0
0,0,0,0
0,0,0,0
0,0,0,0
0,0,0,0
0,0,0,0
0,0,0,0
0,0,0,0
0,0,0,0
0,0,0,0
0,0,0,0
0,0,0,0
0,0,0,0
0,0,0,0
0,0,0,0
0,0,0,0
0,0,0,0
0,0,0,0
0,0,0,0
0,0,0,0
0,0,0,0
0,0,0,0
0,0,0,0
0,0,0,0
0,0,0,0
0,0,0,0
0,0,0,0
0,0,0,0
0,0,0,0
0,0,0,0
0,0,0,0
0,0,0,0
0,0,0,0
0,0,0,0
0,0,0,0
0,0,0,0
0,0,0,0
0,0,0,0
0,0,0,0
0,0,0,0
0,0,0,0
0,0,0,0
0,0,0,0
0,0,0,0
0,0,0,0
0,0,0,0
0,0,0,0
0,0,0,0
0,0,0,0
0,0,0,0
0,0,0,0
0,0,0,0
0,0,0,0
0,0,0,0
0,0,0,0
0,0,0,0
0,0,0,0
0,0,0,0
0,0,0,0
0,0,0,0
0,0,0,0
0,0,0,0
0,0,0,0
0,0,0,0
0,0,0,0
0,0,0,0
0,0,0,0
0,0,0,0
0,0,0,0
0,0,0,0
0,0,0,0
0,0,0,0
0,0,0,0
0,0,0,0
0,0,0,0
0,0,0,0
0,0,0,0
0,0,0,0
0,0,0,0
0,0,0,0
0,0,0,0
0,0,0,0
0,0,0,0
0,0,0,0
0,0,0,0
0,0,0,0
0,0,0,0
0,0,0,0
0,0,0,0
0,0,0,0
0,0,0,0
0,0,0,0
0,0,0,0
0,0,0,0
0,0,0,0
0,0,0,0
0,0,0,0
0,0,0,0
0,0,0,0
0,0,0,0
0,0,0,0
0,0,0,0
0,0,0,0
0,0,0,0
0,0,0,0
0,0,0,0
0,0,0,0
0,0,0,0
0,0,0,0
0,0,0,0
0,0,0,0
0,0,0,0
0,0,0,0
0,0,0,0
0,0,0,0
0,0,0,0
0,0,0,0
0,0,0,0
0,0,0,0
0,0,0,0
0,0,0,0
0,0,0,0
0,0,0,0
0,0,0,0
0,0,0,0
0,0,0,0
0,0,0,0
0,0,0,0
0,0,0,0
0,0,0,0
0,0,0,0
0,0,0,0
0,0,0,0
0,0,0,0
0,0,0,0
0,0,0,0
0,0,0,0
0,0,0,0
0,0,0,0
0,0,0,0
0,0,0,0
0,0,0,0
0,0,0,0
0,0,0,0
0,0,0,0
0,0,0,0
0,0,0,0
0,0,0,0
0,0,0,0
0,0,0,0
0,0,0,0
0,0,0,0
0,0,0,0
0,0,0,0
0,0,0,0
0,0,0,0
0,0,0,0
0,0,0,0
0,0,0,0
0,0,0,0
0,0,0,0
0,0,0,0
0,0,0,0
0,0,0,0
0,0,0,0
0,0,0,0
0,0,0,0
0,0,0,0
0,0,0,0
0,0,0,0
0,0,0,0
0,0,0,0
0,0,0,0
0,0,0,0
0,0,0,0
0,0,0,0
0,0,0,0
0,0,0,0
0,0,0,0
0,0,0,0
0,0,0,0
0,0,0,0
0,0,0,0
0,0,0,0
0,0,0,0
0,0,0,0
0,0,0,0
0,0,0,0
0,0,0,0
0,0,0,0
0,0,0,0
0,0,0,0
0,0,0,0
0,0,0,0
0,0,0,0
0,0,0,0
0,0,0,0
0,0,0,0
0,0,0,0
0,0,0,0
0,0,0,0
0,0,0,0
0,0,0,0
0,0,0,0
0,0,0,0
0,0,0,0
0,0,0,0
0,0,0,0
0,0,0,0
0,0,0,0
0,0,0,0
0,0,0,0
0,0,0,0
0,0,0,0
0,0,0,0
0,0,0,0
0,0,0,0
0,0,0,0
0,0,0,0
0,0,0,0
0,0,0,0
0,0,0,0
0,0,0,0
0,0,0,0
0,0,0,0
0,0,0,0
0,0,0,0
0,0,0,0
0,0,0,0
0,0,0,0
0,0,0,0
0,0,0,0
0,0,0,0
0,0,0,0
0,0,0,0
0,0,0,0
0,0,0,0
0,0,0,0
0,0,0,0
0,0,0,0
0,0,0,0
0,0,0,0
0,0,0,0
0,0,0,0
0,0,0,0
0,0,0,0
0,0,0,0
0,0,0,0
0,0,0,0
0,0,0,0
0,0,0,0
0,0,0,0
0,0,0,0
0,0,0,0
0,0,0,0
0,0,0,0
0,0,0,0
0,0,0,0
0,0,0,0
0,0,0,0
0,0,0,0
0,0,0,0
0,0,0,0
0,0,0,0
0,0,0,0
0,0,0,0
0,0,0,0
0,0,0,0
0,0,0,0
0,0,0,0
0,0,0,0
0,0,0,0
0,0,0,0
0,0,0,0
0,0,0,0
0,0,0,0
0,0,0,0
0,0,0,0
0,0,0,0
0,0,0,0
0,0,0,0
0,0,0,0
0,0,0,0
0,0,0,0
0,0,0,0
0,0,0,0
0,0,0,0
0,0,0,0
0,0,0,0
0,0,0,0
0,0,0,0
0,0,0,0
0,0,0,0
0,0,0,0
0,0,0,0
0,0,0,0
0,0,0,0
0,0,0,0
0,0,0,0
0,0,0,0
0,0,0,0
0,0,0,0
0,0,0,0
0,0,0,0
0,0,0,0
0,0,0,0
0,0,0,0
0,0,0,0
0,0,0,0
0,0,0,0
0,0,0,0
0,0,0,0
0,0,0,0
0,0,0,0
0,0,0,0
0,0,0,0
0,0,0,0
0,0,0,0
0,0,0,0
0,0,0,0
0,0,0,0
0,0,0,0
0,0,0,0
0,0,0,0
0,0,0,0
0,0,0,0
0,0,0,0
0,0,0,0
0,0,0,0
0,0,0,0
0,0,0,0
0,0,0,0
0,0,0,0
0,0,0,0
0,0,0,0
0,0,0,0
0,0,0,0
0,0,0,0
0,0,0,0
0,0,0,0
0,0,0,0
0,0,0,0
0,0,0,0
0,0,0,0
0,0,0,0
0,0,0,0
0,0,0,0
0,0,0,0
0,0,0,0
0,0,0,0
0,0,0,0
0,0,0,0
0,0,0,0
0,0,0,0
0,0,0,0
0,0,0,0
0,0,0,0
0,0,0,0
0,0,0,0
0,0,0,0
0,0,0,0
0,0,0,0
0,0,0,0
0,0,0,0
0,0,0,0
0,0,0,0
0,0,0,0
0,0,0,0
0,0,0,0
0,0,0,0
0,0,0,0
0,0,0,0
0,0,0,0
0,0,0,0
0,0,0,0
0,0,0,0
0,0,0,0
0,0,0,0
0,0,0,0
0,0,0,0
0,0,0,0
0,0,0,0
0,0,0,0
0,0,0,0
0,0,0,0
0,0,0,0
0,0,0,0
0,0,0,0
0,0,0,0
0,0,0,0
0,0,0,0
0,0,0,0
0,0,0,0
0,0,0,0
0,0,0,0
0,0,0,0
0,0,0,0
0,0,0,0
0,0,0,0
0,0,0,0
0,0,0,0
0,0,0,0
0,0,0,0
0,0,0,0
0,0,0,0
0,0,0,0
0,0,0,0
0,0,0,0
0,0,0,0
0,0,0,0
0,0,0,0
0,0,0,0
0,0,0,0
0,0,0,0
0,0,0,0
0,0,0,0
0,0,0,0
0,0,0,0
0,0,0,0
0,0,0,0
0,0,0,0
0,0,0,0
0,0,0,0
0,0,0,0
0,0,0,0
0,0,0,0
0,0,0,0
0,0,0,0
0,0,0,0
0,0,0,0
0,0,0,0
0,0,0,0
0,0,0,0
0,0,0,0
0,0,0,0
0,0,0,0
0,0,0,0
0,0,0,0
0,0,0,0
0,0,0,0
0,0,0,0
0,0,0,0
0,0,0,0
0,0,0,0
0,0,0,0
0,0,0,0
0,0,0,0
0,0,0,0
0,0,0,0
0,0,0,0
0,0,0,0
0,0,0,0
0,0,0,0
0,0,0,0
0,0,0,0
0,0,0,0
0,0,0,0
0,0,0,0
0,0,0,0
0,0,0,0
0,0,0,0
0,0,0,0
0,0,0,0
0,0,0,0
0,0,0,0
0,0,0,0
0,0,0,0
0,0,0,0
0,0,0,0
0,0,0,0
0,0,0,0
0,0,0,0
0,0,0,0
0,0,0,0
0,0,0,0
0,0,0,0
0,0,0,0
0,0,0,0
0,0,0,0
0,0,0,0
0,0,0,0
0,0,0,0
0,0,0,0
0,0,0,0
0,0,0,0
0,0,0,0
0,0,0,0
0,0,0,0
0,0,0,0
0,0,0,0
0,0,0,0
0,0,0,0
0,0,0,0
0,0,0,0
0,0,0,0
0,0,0,0
0,0,0,0
0,0,0,0
0,0,0,0
0,0,0,0
0,0,0,0
0,0,0,0
0,0,0,0
0,0,0,0
0,0,0,0
0,0,0,0
0,0,0,0
0,0,0,0
0,0,0,0
0,0,0,0
0,0,0,0
0,0,0,0
0,0,0,0
0,0,0,0
0,0,0,0
0,0,0,0
0,0,0,0
0,0,0,0
0,0,0,0
0,0,0,0
0,0,0,0
0,0,0,0
0,0,0,0
0,0,0,0
0,0,0,0
0,0,0,0
0,0,0,0
0,0,0,0
0,0,0,0
0,0,0,0
0,0,0,0
0,0,0,0
0,0,0,0
0,0,0,0
0,0,0,0
0,0,0,0
0,0,0,0
0,0,0,0
0,0,0,0
0,0,0,0
0,0,0,0
0,0,0,0
0,0,0,0
0,0,0,0
0,0,0,0
0,0,0,0
0,0,0,0
0,0,0,0
0,0,0,0
0,0,0,0
0,0,0,0
0,0,0,0
0,0,0,0
0,0,0,0
0,0,0,0
0,0,0,0
0,0,0,0
0,0,0,0
0,0,0,0
0,0,0,0
0,0,0,0
0,0,0,0
0,0,0,0
0,0,0,0
0,0,0,0
0,0,0,0
0,0,0,0
0,0,0,0
0,0,0,0
0,0,0,0
0,0,0,0
0,0,0,0
0,0,0,0
0,0,0,0
0,0,0,0
0,0,0,0
0,0,0,0
0,0,0,0
0,0,0,0
0,0,0,0
0,0,0,0
0,0,0,0
0,0,0,0
0,0,0,0
0,0,0,0
0,0,0,0
0,0,0,0
0,0,0,0
0,0,0,0
0,0,0,0
0,0,0,0
0,0,0,0
0,0,0,0
0,0,0,0
0,0,0,0
0,0,0,0
0,0,0,0
0,0,0,0
0,0,0,0
0,0,0,0
0,0,0,0
0,0,0,0
0,0,0,0
0,0,0,0
0,0,0,0
0,0,0,0
0,0,0,0
0,0,0,0
0,0,0,0
0,0,0,0
0,0,0,0
0,0,0,0
0,0,0,0
0,0,0,0
0,0,0,0
0,0,0,0
0,0,0,0
0,0,0,0
0,0,0,0
0,0,0,0
0,0,0,0
0,0,0,0
0,0,0,0
0,0,0,0
0,0,0,0
0,0,0,0
0,0,0,0
0,0,0,0
0,0,0,0
0,0,0,0
0,0,0,0
0,0,0,0
0,0,0,0
0,0,0,0
0,0,0,0
0,0,0,0
0,0,0,0
0,0,0,0
0,0,0,0
0,0,0,0
0,0,0,0
0,0,0,0
0,0,0,0
0,0,0,0
0,0,0,0
0,0,0,0
0,0,0,0
0,0,0,0
0,0,0,0
0,0,0,0
0,0,0,0
0,0,0,0
0,0,0,0
0,0,0,0
0,0,0,0
0,0,0,0
0,0,0,0
0,0,0,0
0,0,0,0
0,0,0,0
0,0,0,0
0,0,0,0
0,0,0,0
0,0,0,0
0,0,0,0
0,0,0,0
0,0,0,0
0,0,0,0
0,0,0,0
0,0,0,0
0,0,0,0
0,0,0,0
0,0,0,0
0,0,0,0
0,0,0,0
0,0,0,0
0,0,0,0
0,0,0,0
0,0,0,0
0,0,0,0
0,0,0,0
0,0,0,0
0,0,0,0
0,0,0,0
0,0,0,0
0,0,0,0
0,0,0,0
0,0,0,0
0,0,0,0
0,0,0,0
0,0,0,0
0,0,0,0
0,0,0,0
0,0,0,0
0,0,0,0
0,0,0,0
0,0,0,0
0,0,0,0
0,0,0,0
0,0,0,0
0,0,0,0
0,0,0,0
0,0,0,0
0,0,0,0
0,0,0,0
0,0,0,0
0,0,0,0
0,0,0,0
0,0,0,0
0,0,0,0
0,0,0,0
0,0,0,0
0,0,0,0
0,0,0,0
0,0,0,0
0,0,0,0
0,0,0,0
0,0,0,0
0,0,0,0
0,0,0,0
0,0,0,0
0,0,0,0
0,0,0,0
0,0,0,0
0,0,0,0
0,0,0,0
0,0,0,0
0,0,0,0
0,0,0,0
0,0,0,0
0,0,0,0
0,0,0,0
0,0,0,0
0,0,0,0
0,0,0,0
0,0,0,0
0,0,0,0
0,0,0,0
0,0,0,0
0,0,0,0
0,0,0,0
0,0,0,0
0,0,0,0
0,0,0,0
0,0,0,0
0,0,0,0
0,0,0,0
0,0,0,0
0,0,0,0
0,0,0,0
0,0,0,0
0,0,0,0
0,0,0,0
0,0,0,0
0,0,0,0
0,0,0,0
0,0,0,0
0,0,0,0
0,0,0,0
0,0,0,0
0,0,0,0
0,0,0,0
0,0,0,0
0,0,0,0
0,0,0,0
0,0,0,0
0,0,0,0
0,0,0,0
0,0,0,0
0,0,0,0
0,0,0,0
0,0,0,0
0,0,0,0
0,0,0,0
0,0,0,0
0,0,0,0
0,0,0,0
0,0,0,0
0,0,0,0
0,0,0,0
0,0,0,0
0,0,0,0
0,0,0,0
0,0,0,0
0,0,0,0
0,0,0,0
0,0,0,0
0,0,0,0
0,0,0,0
0,0,0,0
0,0,0,0
0,0,0,0
0,0,0,0
0,0,0,0
0,0,0,0
0,0,0,0
0,0,0,0
0,0,0,0
0,0,0,0
0,0,0,0
0,0,0,0
0,0,0,0
0,0,0,0
0,0,0,0
0,0,0,0
0,0,0,0
0,0,0,0
0,0,0,0
0,0,0,0
0,0,0,0
0,0,0,0
0,0,0,0
0,0,0,0
0,0,0,0
0,0,0,0
0,0,0,0
0,0,0,0
0,0,0,0
0,0,0,0
0,0,0,0
0,0,0,0
0,0,0,0
0,0,0,0
0,0,0,0
0,0,0,0
0,0,0,0
0,0,0,0
0,0,0,0
0,0,0,0
0,0,0,0
0,0,0,0
0,0,0,0
0,0,0,0
0,0,0,0
0,0,0,0
0,0,0,0
0,0,0,0
0,0,0,0
0,0,0,0
0,0,0,0
0,0,0,0
0,0,0,0
0,0,0,0
0,0,0,0
0,0,0,0
0,0,0,0
0,0,0,0
0,0,0,0
0,0,0,0
0,0,0,0
0,0,0,0
0,0,0,0
0,0,0,0
0,0,0,0
0,0,0,0
0,0,0,0
0,0,0,0
0,0,0,0
0,0,0,0
0,0,0,0
0,0,0,0
0,0,0,0
0,0,0,0
0,0,0,0
0,0,0,0
0,0,0,0
0,0,0,0
0,0,0,0
0,0,0,0
0,0,0,0
0,0,0,0
0,0,0,0
0,0,0,0
0,0,0,0
0,0,0,0
0,0,0,0
0,0,0,0
0,0,0,0
0,0,0,0
0,0,0,0
0,0,0,0
0,0,0,0
0,0,0,0
0,0,0,0
0,0,0,0
0,0,0,0
0,0,0,0
0,0,0,0
0,0,0,0
0,0,0,0
0,0,0,0
0,0,0,0
0,0,0,0
0,0,0,0
0,0,0,0
0,0,0,0
0,0,0,0
0,0,0,0
0,0,0,0
0,0,0,0
0,0,0,0
0,0,0,0
0,0,0,0
0,0,0,0
0,0,0,0
0,0,0,0
0,0,0,0
0,0,0,0
0,0,0,0
0,0,0,0
0,0,0,0
0,0,0,0
0,0,0,0
0,0,0,0
0,0,0,0
0,0,0,0
16179.902568432835,0,0,0
0,0,0,0
0,0,0,0
0,0,0,0
0,0,0,0
0,0,0,0
0,0,0,0
0,0,0,0
0,0,0,0
0,0,0,0
0,0,0,0
0,0,0,0
0,0,0,0
0,0,0,0
0,0,0,0
0,0,0,0
0,0,0,0
17355.807903204375,0,5286.375106187152,0
0,0,0,0
0,0,0,0
0,0,0,0
0,0,0,0
0,0,0,0
0,0,0,0
0,0,0,0
0,0,0,0
0,0,0,0
0,0,0,0
0,0,0,0
0,0,0,0
0,0,0,0
0,0,0,0
0,0,0,0
0,0,0,0
0,0,0,0
0,0,0,0
17489.641690485172,0,5173.520673117702,0
0,0,0,0
0,0,0,0
0,0,0,0
0,0,0,0
0,0,0,0
0,0,0,0
0,0,0,0
0,0,0,0
0,0,0,0
0,0,0,0
0,0,0,0
0,0,0,0
0,0,0,0
0,0,0,0
0,0,0,0
0,0,0,0
0,0,0,0
0,0,0,0
0,0,0,0
0,0,0,0
0,0,0,0
0,0,0,0
0,0,0,0
0,0,0,0
0,0,0,0
0,0,0,0
0,0,0,0
0,0,0,0
0,0,0,0
0,0,0,0
0,0,0,0
0,0,0,0
0,0,0,0
0,0,0,0
0,0,0,0
0,0,0,0
0,0,0,0
0,0,0,0
0,0,0,0
0,0,0,0
0,0,0,0
0,0,0,0
0,0,0,0
0,0,0,0
0,0,0,0
0,0,0,0
0,0,0,0
0,0,0,0
0,0,0,0
0,0,0,0
0,0,0,0
0,0,0,0
0,0,0,0
0,0,0,0
0,0,0,0
0,0,0,0
0,0,0,0
0,0,0,0
0,0,0,0
0,0,0,0
0,0,0,0
0,0,0,0
0,0,0,0
0,0,0,0
0,0,0,0
0,0,0,0
0,0,0,0
0,0,0,0
0,0,0,0
0,0,0,0
0,0,0,0
0,0,0,0
0,0,0,0
0,0,0,0
0,0,0,0
0,0,0,0
0,0,0,0
0,0,0,0
0,0,0,0
0,0,0,0
0,0,0,0
0,0,0,0
0,0,0,0
0,0,0,0
0,0,0,0
0,0,0,0
0,0,0,0
0,0,0,0
0,0,0,0
0,0,0,0
0,0,0,0
0,0,0,0
0,0,0,0
0,0,0,0
0,0,0,0
0,0,0,0
16142.36224459802,0,0,0
0,0,0,0
0,0,0,0
0,0,5130.872158485048,0
0,0,0,0
0,0,0,0
16128.192035041298,0,0,0
0,0,0,0
0,0,0,0
0,0,5724.707610385609,0
16992.35659524446,0,0,0
0,0,0,0
0,0,0,0
0,0,0,0
0,0,0,0
0,0,0,0
0,0,0,0
0,0,0,0
0,0,0,0
0,0,0,0
0,0,0,0
0,0,0,0
0,0,0,0
0,0,0,0
16140.261937190566,0,5599.749920525651,0
0,0,0,0
0,0,0,0
0,0,0,0
17529.33693169008,0,5058.165173334166,0
0,0,0,0
0,0,0,0
17271.52555808686,0,4988.074310717853,0
0,0,0,0
0,0,0,0
20296.281925867625,0,5254.5309287802165,0
0,0,0,0
0,0,0,0
0,0,0,0
0,0,0,0
0,0,0,0
0,0,0,0
0,0,0,0
0,0,0,0
0,0,0,0
0,0,0,0
0,0,0,0
0,0,0,0
0,0,0,0
0,0,0,0
0,0,0,0
0,0,0,0
0,0,0,0
16476.657208018183,0,5267.376449363796,0
0,0,0,0
0,0,0,0
21853.569328710946,0,6150.328763867638,0
0,0,0,0
18450.80740410843,0,0,0
0,0,5693.369692021415,0
0,0,0,0
16735.509515461046,0,0,0
0,0,0,0
0,0,0,0
0,0,0,0
0,0,0,0
0,0,0,0
0,0,0,0
0,0,0,0
0,0,0,0
0,0,0,0
0,0,0,0
0,0,0,0
0,0,0,0
0,0,0,0
0,0,0,0
0,0,0,0
0,0,0,0
0,0,0,0
0,0,0,0
0,0,0,0
17454.282752966385,0,5166.815477009749,0
0,0,0,0
0,0,0,0
0,0,0,0
0,0,0,0
0,0,0,0
0,0,0,0
0,0,0,0
0,0,0,0
0,0,0,0
0,0,0,0
0,0,0,0
0,0,0,0
0,0,0,0
0,0,0,0
0,0,0,0
0,0,0,0
0,0,0,0
0,0,0,0
0,0,0,0
0,0,0,0
0,0,0,0
0,0,0,0
0,0,0,0
0,0,0,0
0,0,0,0
0,0,0,0
0,0,0,0
0,0,0,0
0,0,0,0
0,0,0,0
0,0,0,0
0,0,0,0
0,0,0,0
0,0,0,0
0,0,0,0
0,0,0,0
0,0,0,0
0,0,0,0
0,0,0,0
0,0,0,0
0,0,0,0
0,0,0,0
0,0,0,0
0,0,0,0
0,0,0,0
0,0,0,0
0,0,0,0
0,0,0,0
0,0,0,0
0,0,0,0
0,0,0,0
0,0,0,0
0,0,0,0
0,0,0,0
0,0,0,0
0,0,0,0
0,0,0,0
0,0,0,0
0,0,0,0
0,0,0,0
0,0,0,0
0,0,0,0
0,0,0,0
0,0,0,0
0,0,0,0
0,0,0,0
0,0,0,0
0,0,0,0
0,0,0,0
0,0,0,0
0,0,0,0
0,0,0,0
0,0,0,0
0,0,0,0
0,0,0,0
0,0,0,0
0,0,0,0
0,0,0,0
0,0,0,0
0,0,0,0
0,0,0,0
0,0,0,0
0,0,0,0
0,0,0,0
0,0,0,0
0,0,0,0
0,0,0,0
0,0,0,0
0,0,0,0
0,0,0,0
0,0,0,0
0,0,0,0
0,0,0,0
0,0,0,0
0,0,0,0
0,0,0,0
0,0,0,0
0,0,0,0
0,0,0,0
0,0,0,0
0,0,0,0
0,0,0,0
0,0,0,0
0,0,0,0
0,0,0,0
0,0,0,0
0,0,0,0
0,0,0,0
0,0,0,0
0,0,0,0
0,0,0,0
0,0,0,0
0,0,0,0
0,0,0,0
0,0,0,0
0,0,0,0
0,0,0,0
0,0,0,0
0,0,0,0
0,0,0,0
0,0,0,0
0,0,0,0
0,0,0,0
0,0,0,0
0,0,0,0
0,0,0,0
0,0,0,0
0,0,0,0
0,0,0,0
0,0,0,0
0,0,0,0
0,0,0,0
0,0,0,0
0,0,0,0
0,0,0,0
0,0,0,0
0,0,0,0
0,0,0,0
0,0,0,0
0,0,0,0
0,0,0,0
0,0,0,0
0,0,0,0
0,0,0,0
0,0,0,0
0,0,0,0
0,0,0,0
0,0,0,0
0,0,0,0
0,0,0,0
0,0,0,0
0,0,0,0
0,0,0,0
0,0,0,0
0,0,0,0
0,0,0,0
0,0,0,0
0,0,0,0
0,0,0,0
0,0,0,0
0,0,0,0
0,0,0,0
0,0,0,0
0,0,0,0
0,0,0,0
0,0,0,0
0,0,0,0
0,0,0,0
0,0,0,0
0,0,0,0
0,0,0,0
0,0,0,0
0,0,0,0
0,0,0,0
0,0,0,0
0,0,0,0
0,0,0,0
0,0,0,0
0,0,0,0
0,0,0,0
0,0,0,0
0,0,0,0
0,0,0,0
0,0,0,0
0,0,0,0
0,0,0,0
0,0,0,0
0,0,0,0
0,0,0,0
0,0,0,0
0,0,0,0
0,0,0,0
0,0,0,0
0,0,0,0
0,0,0,0
0,0,0,0
0,0,0,0
0,0,0,0
0,0,0,0
0,0,0,0
0,0,0,0
0,0,0,0
0,0,0,0
0,0,0,0
0,0,0,0
0,0,0,0
0,0,0,0
0,0,0,0
0,0,0,0
0,0,0,0
0,0,0,0
0,0,0,0
0,0,0,0
0,0,0,0
0,0,0,0
0,0,0,0
0,0,0,0
0,0,0,0
0,0,0,0
0,0,0,0
0,0,0,0
0,0,0,0
0,0,0,0
0,0,0,0
0,0,0,0
0,0,0,0
0,0,0,0
0,0,0,0
0,0,0,0
0,0,0,0
0,0,0,0
0,0,0,0
0,0,0,0
0,0,0,0
0,0,0,0
0,0,0,0
0,0,0,0
0,0,0,0
0,0,0,0
0,0,0,0
0,0,0,0
0,0,0,0
0,0,0,0
0,0,0,0
0,0,0,0
0,0,0,0
0,0,0,0
0,0,0,0
0,0,0,0
0,0,0,0
0,0,0,0
0,0,0,0
0,0,0,0
0,0,0,0
0,0,0,0
0,0,0,0
0,0,0,0
0,0,0,0
0,0,0,0
0,0,0,0
0,0,0,0
0,0,0,0
0,0,0,0
0,0,0,0
0,0,0,0
0,0,0,0
0,0,0,0
0,0,0,0
0,0,0,0
0,0,0,0
0,0,0,0
0,0,0,0
0,0,0,0
0,0,0,0
0,0,0,0
0,0,0,0
0,0,0,0
0,0,0,0
0,0,0,0
0,0,0,0
0,0,0,0
0,0,0,0
0,0,0,0
0,0,0,0
0,0,0,0
0,0,0,0
0,0,0,0
0,0,0,0
0,0,0,0
0,0,0,0
0,0,0,0
0,0,0,0
0,0,0,0
0,0,0,0
0,0,0,0
0,0,0,0
0,0,0,0
0,0,0,0
0,0,0,0
0,0,0,0
0,0,0,0
0,0,0,0
0,0,0,0
0,0,0,0
0,0,0,0
0,0,0,0
0,0,0,0
0,0,0,0
0,0,0,0
0,0,0,0
0,0,0,0
0,0,0,0
0,0,0,0
0,0,0,0
0,0,0,0
0,0,0,0
0,0,0,0
0,0,0,0
0,0,0,0
0,0,0,0
0,0,0,0
0,0,0,0
0,0,0,0
0,0,0,0
0,0,0,0
0,0,0,0
0,0,0,0
0,0,0,0
0,0,0,0
0,0,0,0
0,0,0,0
0,0,0,0
0,0,0,0
0,0,0,0
0,0,0,0
0,0,0,0
0,0,0,0
0,0,0,0
0,0,0,0
0,0,0,0
0,0,0,0
0,0,0,0
0,0,0,0
0,0,0,0
0,0,0,0
0,0,0,0
0,0,0,0
0,0,0,0
0,0,0,0
0,0,0,0
0,0,0,0
0,0,0,0
0,0,0,0
0,0,0,0
0,0,0,0
0,0,0,0
0,0,0,0
0,0,0,0
0,0,0,0
0,0,0,0
0,0,0,0
0,0,0,0
0,0,0,0
0,0,0,0
0,0,0,0
0,0,0,0
0,0,0,0
0,0,0,0
0,0,0,0
0,0,0,0
0,0,0,0
0,0,0,0
0,0,0,0
0,0,0,0
0,0,0,0
0,0,0,0
0,0,0,0
0,0,0,0
0,0,0,0
0,0,0,0
0,0,0,0
0,0,0,0
0,0,0,0
0,0,0,0
0,0,0,0
16340.660923084737,0,0,0
0,0,0,0
0,0,0,0
0,0,0,0
0,0,0,0
0,0,0,0
0,0,0,0
0,0,0,0
0,0,0,0
0,0,0,0
0,0,0,0
0,0,0,0
0,0,0,0
0,0,0,0
0,0,0,0
0,0,0,0
0,0,0,0
0,0,0,0
0,0,0,0
0,0,0,0
0,0,0,0
16552.990311485122,0,0,0
0,0,0,0
0,0,0,0
0,0,0,0
0,0,0,0
0,0,0,0
0,0,0,0
0,0,0,0
0,0,0,0
0,0,0,0
0,0,0,0
0,0,0,0
0,0,0,0
0,0,0,0
0,0,0,0
0,0,0,0
0,0,0,0
0,0,0,0
0,0,0,0
0,0,0,0
16861.019109153378,0,0,0
0,0,0,0
0,0,0,0
0,0,0,0
16567.491017283315,0,0,0
0,0,0,0
0,0,0,0
0,0,0,0
17823.035693210088,0,0,0
0,0,0,0
0,0,0,0
0,0,0,0
0,0,0,0
0,0,0,0
0,0,0,0
0,0,0,0
0,0,0,0
0,0,0,0
0,0,0,0
0,0,0,0
0,0,0,0
0,0,0,0
0,0,0,0
0,0,0,0
0,0,0,0
0,0,0,0
0,0,0,0
0,0,0,0
0,0,0,0
17554.755671069364,0,0,0
0,0,0,0
0,0,0,0
0,0,0,0
0,0,0,0
0,0,0,0
0,0,0,0
0,0,0,0
0,0,0,0
0,0,0,0
0,0,0,0
0,0,0,0
0,0,0,0
0,0,0,0
0,0,0,0
0,0,0,0
0,0,0,0
0,0,0,0
0,0,0,0
0,0,0,0
0,0,0,0
15767.553384696133,0,0,0
0,0,0,0
0,0,0,0
0,0,0,0
0,0,0,0
0,0,0,0
0,0,0,0
0,0,0,0
0,0,0,0
0,0,0,0
0,0,0,0
0,0,0,0
0,0,0,0
0,0,0,0
0,0,0,0
0,0,0,0
0,0,0,0
0,0,0,0
0,0,0,0
0,0,0,0
0,0,0,0
0,0,0,0
0,0,0,0
0,0,0,0
0,0,0,0
0,0,0,0
16185.81817753669,0,0,0
0,0,0,0
0,0,0,0
0,0,0,0
0,0,0,0
0,0,0,0
0,0,0,0
0,0,0,0
0,0,0,0
0,0,0,0
0,0,0,0
0,0,0,0
0,0,0,0
0,0,0,0
0,0,0,0
0,0,0,0
0,0,0,0
0,0,0,0
0,0,0,0
0,0,0,0
0,0,0,0
0,0,0,0
0,0,0,0
0,0,0,0
0,0,0,0
15794.002258547893,0,0,0
0,0,0,0
0,0,0,0
0,0,0,0
0,0,0,0
0,0,0,0
0,0,0,0
0,0,0,0
0,0,0,0
0,0,0,0
0,0,0,0
0,0,0,0
0,0,0,0
0,0,0,0
0,0,0,0
0,0,0,0
0,0,0,0
0,0,0,0
0,0,0,0
0,0,0,0
0,0,0,0
0,0,0,0
0,0,0,0
0,0,0,0
0,0,0,0
0,0,0,0
0,0,0,0
0,0,0,0
0,0,0,0
0,0,0,0
0,0,0,0
0,0,0,0
0,0,0,0
0,0,0,0
0,0,0,0
0,0,0,0
0,0,0,0
0,0,0,0
0,0,0,0
0,0,0,0
0,0,0,0
0,0,0,0
0,0,0,0
0,0,0,0
0,0,0,0
16365.621499164012,0,0,0
0,0,0,0
0,0,0,0
0,0,0,0
0,0,0,0
17676.13764480684,0,0,0
0,0,0,0
0,0,0,0
0,0,0,0
0,0,0,0
0,0,0,0
0,0,0,0
0,0,0,0
0,0,0,0
0,0,0,0
0,0,0,0
0,0,0,0
0,0,0,0
0,0,0,0
0,0,0,0
0,0,0,0
0,0,0,0
0,0,0,0
0,0,0,0
0,0,0,0
0,0,0,0
0,0,0,0
0,0,0,0
0,0,0,0
0,0,0,0
0,0,0,0
0,0,0,0
0,0,0,0
0,0,0,0
0,0,0,0
0,0,0,0
0,0,0,0
0,0,0,0
0,0,0,0
0,0,0,0
0,0,0,0
0,0,0,0
0,0,0,0
0,0,0,0
0,0,0,0
0,0,0,0
0,0,0,0
0,0,0,0
0,0,0,0
0,0,0,0
0,0,0,0
0,0,0,0
0,0,0,0
0,0,0,0
0,0,0,0
0,0,0,0
0,0,0,0
0,0,0,0
0,0,0,0
0,0,0,0
0,0,0,0
0,0,0,0
0,0,0,0
0,0,0,0
0,0,0,0
0,0,0,0
0,0,0,0
0,0,0,0
0,0,0,0
0,0,0,0
0,0,0,0
0,0,0,0
0,0,0,0
0,0,0,0
0,0,0,0
0,0,0,0
0,0,0,0
0,0,0,0
0,0,0,0
0,0,0,0
0,0,0,0
0,0,0,0
0,0,0,0
0,0,0,0
0,0,0,0
0,0,0,0
0,0,0,0
0,0,0,0
0,0,0,0
0,0,0,0
0,0,0,0
0,0,0,0
0,0,0,0
0,0,0,0
0,0,0,0
0,0,0,0
0,0,0,0
0,0,0,0
0,0,0,0
0,0,0,0
0,0,0,0
0,0,0,0
0,0,0,0
0,0,0,0
0,0,0,0
0,0,0,0
0,0,0,0
0,0,0,0
0,0,0,0
0,0,0,0
0,0,0,0
0,0,0,0
0,0,0,0
0,0,0,0
0,0,0,0
0,0,0,0
0,0,0,0
0,0,0,0
0,0,0,0
17547.55722561184,0,0,0
0,0,0,0
0,0,0,0
0,0,0,0
15807.587055847393,0,0,0
0,0,0,0
0,0,0,0
0,0,0,0
16623.1887992317,0,0,0
0,0,0,0
0,0,0,0
0,0,0,0
0,0,0,0
0,0,0,0
0,0,0,0
0,0,0,0
0,0,0,0
0,0,0,0
0,0,0,0
0,0,0,0
0,0,0,0
0,0,0,0
16745.509465797077,0,0,0
0,0,0,0
0,0,0,0
16069.518883118708,0,0,0
0,0,0,0
0,0,0,0
0,0,0,0
18611.59233999558,0,0,0
0,0,0,0
0,0,0,0
0,0,0,0
0,0,0,0
0,0,0,0
0,0,0,0
0,0,0,0
0,0,0,0
0,0,0,0
0,0,0,0
0,0,0,0
0,0,0,0
0,0,0,0
0,0,0,0
0,0,0,0
0,0,0,0
0,0,0,0
0,0,0,0
0,0,0,0
0,0,0,0
0,0,0,0
0,0,0,0
0,0,0,0
0,0,0,0
0,0,0,0
0,0,0,0
0,0,0,0
0,0,0,0
0,0,0,0
0,0,0,0
0,0,0,0
0,0,0,0
0,0,0,0
0,0,0,0
0,0,0,0
0,0,0,0
0,0,0,0
0,0,0,0
0,0,0,0
0,0,0,0
0,0,0,0
0,0,0,0
0,0,0,0
0,0,0,0
0,0,0,0
0,0,0,0
0,0,0,0
0,0,0,0
0,0,0,0
0,0,0,0
0,0,0,0
0,0,0,0
0,0,0,0
0,0,0,0
0,0,0,0
0,0,0,0
0,0,0,0
0,0,0,0
0,0,0,0
0,0,0,0
0,0,0,0
0,0,0,0
0,0,0,0
0,0,0,0
0,0,0,0
0,0,0,0
0,0,0,0
0,0,0,0
0,0,0,0
0,0,0,0
0,0,0,0
0,0,0,0
0,0,0,0
0,0,0,0
0,0,0,0
0,0,0,0
0,0,0,0
0,0,0,0
0,0,0,0
0,0,0,0
0,0,0,0
0,0,0,0
0,0,0,0
0,0,0,0
0,0,0,0
0,0,0,0
0,0,0,0
0,0,0,0
0,0,0,0
0,0,0,0
0,0,0,0
0,0,0,0
0,0,0,0
0,0,0,0
0,0,0,0
0,0,0,0
0,0,0,0
0,0,0,0
0,0,0,0
0,0,0,0
0,0,0,0
0,0,0,0
0,0,0,0
0,0,0,0
0,0,0,0
0,0,0,0
0,0,0,0
0,0,0,0
0,0,0,0
0,0,0,0
0,0,0,0
0,0,0,0
0,0,0,0
0,0,0,0
0,0,0,0
0,0,0,0
0,0,0,0
0,0,0,0
0,0,0,0
0,0,0,0
0,0,0,0
0,0,0,0
0,0,0,0
0,0,0,0
0,0,0,0
0,0,0,0
0,0,0,0
0,0,0,0
0,0,0,0
0,0,0,0
0,0,0,0
0,0,0,0
0,0,0,0
0,0,0,0
0,0,0,0
0,0,0,0
0,0,0,0
0,0,0,0
0,0,0,0
0,0,0,0
22890.75193221888,0,0,0
0,0,0,0
18270.365291201295,0,0,0
0,0,0,0
18475.208023807183,0,0,0
0,0,0,0
16845.624910114966,0,0,0
0,0,0,0
0,0,0,0
0,0,0,0
0,0,0,0
0,0,0,0
0,0,0,0
0,0,0,0
0,0,0,0
19277.443574862253,0,0,0
0,0,0,0
0,0,0,0
18245.606425846367,0,5268.187946346831,0
0,0,0,0
0,0,0,0
19366.22525060433,0,0,0
0,0,0,0
16384.24838727423,0,0,0
0,0,0,0
17509.837983358742,0,0,0
0,0,0,0
15883.318145365543,0,5048.758627711627,0
0,0,0,0
0,0,0,0
18325.55694490697,0,0,0
0,0,0,0
0,0,0,0
0,0,0,0
0,0,0,0
18309.31094026031,0,0,0
0,0,0,0
0,0,0,0
0,0,0,0
0,0,0,0
18319.118045516632,0,0,0
0,0,0,0
0,0,0,0
0,0,0,0
16805.522762663983,0,0,0
0,0,0,0
0,0,0,0
0,0,0,0
18883.29524588655,0,5358.346023830636,0
0,0,0,0
0,0,0,0
0,0,0,0
18291.500067224002,0,0,0
0,0,0,0
0,0,0,0
0,0,0,0
0,0,0,0
0,0,0,0
0,0,0,0
0,0,0,0
0,0,0,0
0,0,0,0
0,0,0,0
0,0,0,0
0,0,0,0
17804.99298205585,0,0,0
0,0,0,0
0,0,0,0
0,0,0,0
0,0,0,0
0,0,0,0
18532.8736388163,0,0,0
0,0,0,0
0,0,0,0
0,0,0,0
0,0,5062.7314208528005,0
18493.949590510292,0,0,0
0,0,0,0
0,0,0,0
0,0,0,0
0,0,0,0
0,0,0,0
0,0,0,0
0,0,0,0
0,0,0,0
0,0,0,0
0,0,0,0
16361.506705581804,0,0,0
0,0,0,0
0,0,0,0
0,0,0,0
0,0,0,0
0,0,0,0
0,0,0,0
17338.082504359376,0,0,0
0,0,0,0
0,0,0,0
0,0,0,0
0,0,0,0
0,0,0,0
17138.664022776993,0,0,0
0,0,0,0
0,0,0,0
0,0,0,0
0,0,0,0
0,0,0,0
0,0,0,0
0,0,0,0
0,0,0,0
0,0,0,0
16122.427892641463,0,0,0
0,0,0,0
0,0,0,0
0,0,0,0
0,0,0,0
0,0,0,0
0,0,0,0
15756.884977361831,0,0,0
0,0,0,0
0,0,0,0
0,0,0,0
0,0,0,0
0,0,0,0
17951.105558076655,0,0,0
0,0,0,0
0,0,0,0
0,0,0,0
0,0,0,0
0,0,0,0
0,0,0,0
0,0,0,0
0,0,0,0
0,0,0,0
16144.747362920074,0,0,0
0,0,0,0
0,0,0,0
0,0,0,0
0,0,0,0
0,0,0,0
0,0,0,0
15829.798637803658,0,0,0
0,0,0,0
0,0,0,0
0,0,0,0
0,0,0,0
0,0,0,0
17202.821823993825,0,0,0
0,0,0,0
0,0,0,0
0,0,0,0
0,0,0,0
0,0,0,0
0,0,0,0
0,0,0,0
0,0,0,0
15853.804177516102,0,0,0
0,0,0,0
0,0,0,0
0,0,0,0
0,0,0,0
0,0,0,0
0,0,0,0
0,0,0,0
17501.881301085825,0,0,0
0,0,0,0
0,0,0,0
0,0,0,0
0,0,0,0
0,0,0,0
17195.755690479946,0,0,0
0,0,0,0
0,0,0,0
0,0,0,0
0,0,0,0
0,0,0,0
0,0,0,0
0,0,0,0
0,0,0,0
0,0,0,0
0,0,0,0
0,0,0,0
0,0,0,0
0,0,0,0
0,0,0,0
0,0,0,0
0,0,0,0
0,0,0,0
0,0,0,0
0,0,0,0
16058.655240732456,0,0,0
0,0,0,0
0,0,0,0
0,0,0,0
0,0,0,0
15838.661575982902,0,0,0
0,0,0,0
0,0,0,0
0,0,0,0
0,0,0,0
0,0,0,0
0,0,0,0
0,0,0,0
0,0,0,0
0,0,0,0
0,0,0,0
0,0,0,0
0,0,0,0
0,0,0,0
0,0,0,0
0,0,0,0
0,0,0,0
0,0,0,0
0,0,0,0
0,0,0,0
0,0,0,0
0,0,0,0
17167.61287793461,0,0,0
0,0,0,0
0,0,0,0
0,0,0,0
16220.33363222104,0,5237.159938784209,0
0,0,0,0
0,0,0,0
0,0,0,0
0,0,0,0
0,0,0,0
0,0,0,0
0,0,0,0
0,0,0,0
0,0,0,0
0,0,0,0
0,0,0,0
0,0,0,0
0,0,0,0
0,0,0,0
0,0,0,0
0,0,0,0
0,0,0,0
0,0,0,0
0,0,0,0
0,0,0,0
0,0,0,0
16936.05492460537,0,0,0
0,0,0,0
0,0,0,0
0,0,0,0
0,0,0,0
0,0,0,0
0,0,0,0
16392.854630544396,0,0,0
0,0,0,0
0,0,0,0
0,0,0,0
0,0,0,0
0,0,0,0
0,0,0,0
0,0,0,0
0,0,0,0
0,0,0,0
0,0,0,0
16907.906829779065,0,0,0
0,0,0,0
0,0,0,0
0,0,0,0
0,0,0,0
0,0,0,0
18680.83040764231,0,5213.993495053099,0
0,0,0,0
0,0,0,0
0,0,0,0
0,0,0,0
0,0,0,0
0,0,0,0
0,0,0,0
0,0,0,0
0,0,0,0
0,0,0,0
0,0,0,0
0,0,0,0
0,0,0,0
0,0,0,0
0,0,0,0
17279.38713470041,0,0,0
0,0,0,0
0,0,0,0
0,0,0,0
17393.090102892864,0,5075.275773777588,0
0,0,0,0
0,0,0,0
0,0,0,0
18165.71554927961,0,0,0
0,0,0,0
0,0,0,0
17401.5041794435,0,0,0
0,0,0,0
0,0,0,0
0,0,0,0
0,0,0,0
0,0,0,0
0,0,0,0
0,0,0,0
0,0,0,0
15782.390943585238,0,0,0
0,0,0,0
0,0,0,0
0,0,0,0
0,0,0,0
0,0,0,0
15954.28508713545,0,0,0
0,0,0,0
0,0,0,0
0,0,0,0
17439.724438590718,0,5003.143449689128,0
0,0,0,0
0,0,0,0
0,0,0,0
18086.576282485457,0,0,0
0,0,0,0
0,0,0,0
0,0,0,0
0,0,0,0
0,0,0,0
0,0,0,0
0,0,0,0
16130.838350771217,0,0,0
0,0,0,0
0,0,0,0
0,0,0,0
0,0,0,0
0,0,0,0
0,0,0,0
15843.591890253036,0,0,0
0,0,0,0
0,0,0,0
0,0,0,0
0,0,0,0
0,0,0,0
0,0,0,0
0,0,0,0
0,0,0,0
0,0,0,0
0,0,0,0
0,0,0,0
0,0,0,0
0,0,0,0
0,0,0,0
0,0,0,0
0,0,0,0
0,0,0,0
0,0,0,0
0,0,0,0
0,0,0,0
0,0,0,0
0,0,0,0
0,0,0,0
0,0,0,0
0,0,0,0
0,0,0,0
0,0,0,0
0,0,0,0
0,0,0,0
0,0,0,0
0,0,0,0
0,0,0,0
0,0,0,0
16421.54280499756,0,0,0
0,0,0,0
0,0,0,0
0,0,0,0
0,0,0,0
0,0,0,0
0,0,0,0
0,0,0,0
0,0,0,0
0,0,0,0
0,0,0,0
0,0,0,0
0,0,0,0
0,0,0,0
0,0,0,0
0,0,0,0
0,0,0,0
0,0,0,0
0,0,0,0
0,0,0,0
0,0,0,0
0,0,0,0
0,0,0,0
0,0,0,0
0,0,0,0
0,0,0,0
0,0,0,0
0,0,0,0
0,0,0,0
0,0,0,0
0,0,0,0
0,0,0,0
0,0,0,0
16202.241491633375,0,0,0
0,0,0,0
0,0,0,0
0,0,0,0
0,0,0,0
16739.70625341225,0,0,0
0,0,0,0
0,0,0,0
17304.055088661054,0,0,0
0,0,0,0
0,0,5114.194198335166,0
20893.686345997612,0,0,0
0,0,0,0
16077.146528529229,0,0,0
0,0,0,0
16158.358009380689,0,0,0
0,0,0,0
0,0,0,0
20920.13347754381,0,0,0
0,0,0,0
0,0,0,0
0,0,0,0
16550.19017129264,0,0,0
0,0,0,0
0,0,0,0
0,0,0,0
0,0,0,0
16672.37724563544,0,0,0
0,0,0,0
0,0,0,0
0,0,0,0
0,0,0,0
0,0,0,0
16314.660294973466,0,0,0
0,0,0,0
0,0,0,0
0,0,0,0
0,0,0,0
0,0,0,0
0,0,0,0
17141.917785553236,0,0,0
0,0,0,0
0,0,0,0
0,0,0,0
0,0,0,0
0,0,0,0
0,0,0,0
0,0,0,0
0,0,0,0
0,0,0,0
0,0,0,0
0,0,0,0
17144.743998072485,0,0,0
0,0,0,0
0,0,0,0
0,0,0,0
17216.42578816476,0,0,0
0,0,0,0
0,0,0,0
16610.692923566785,0,5282.499035799051,0
0,0,0,0
0,0,0,0
0,0,0,0
16940.837598419857,0,0,0
0,0,0,0
0,0,0,0
0,0,0,0
0,0,0,0
0,0,0,0
0,0,0,0
0,0,0,0
0,0,0,0
0,0,0,0
0,0,0,0
0,0,0,0
0,0,0,0
0,0,0,0
0,0,0,0
0,0,0,0
0,0,0,0
18579.290991803795,0,0,0
0,0,0,0
0,0,0,0
0,0,0,0
0,0,0,0
16812.537549701625,0,0,0
0,0,0,0
0,0,0,0
0,0,0,0
0,0,0,0
0,0,0,0
0,0,0,0
0,0,0,0
0,0,0,0
0,0,0,0
0,0,0,0
0,0,0,0
0,0,0,0
0,0,0,0
0,0,0,0
0,0,0,0
0,0,0,0
0,0,0,0
0,0,0,0
0,0,0,0
17082.770823887826,0,0,0
0,0,0,0
0,0,0,0
0,0,0,0
0,0,0,0
0,0,0,0
0,0,0,0
0,0,0,0
0,0,0,0
0,0,0,0
0,0,0,0
0,0,0,0
0,0,0,0
0,0,0,0
15872.358743667632,0,0,0
0,0,0,0
0,0,0,0
0,0,5219.976515409725,0
17032.69395245874,0,0,0
0,0,0,0
0,0,0,0
20554.30764328964,0,0,0
0,0,0,0
15791.18999602744,0,0,0
0,0,0,0
15927.201855765168,0,5425.105238812689,0
0,0,0,0
0,0,0,0
20940.598770061937,0,0,0
0,0,0,0
0,0,0,0
17749.68402176375,0,0,0
0,0,0,0
0,0,0,0
0,0,0,0
0,0,0,0
0,0,0,0
20099.413965730622,0,5223.954722439629,0
0,0,0,0
0,0,0,0
18385.182286937033,0,0,0
0,0,0,0
0,0,0,0
22196.837256349558,0,5218.991062736032,0
0,0,0,0
16006.634721190916,0,0,0
0,0,0,0
16997.947060060713,0,0,0
0,0,0,0
17397.140964419945,0,4992.415523106279,0
0,0,0,0
16070.125469972452,0,0,0
0,0,0,0
0,0,0,0
21724.134337702308,0,0,0
0,0,0,0
0,0,0,0
18337.517530976525,0,0,0
0,0,0,0
0,0,0,0
0,0,0,0
0,0,0,0
18093.62918841819,0,0,0
0,0,0,0
0,0,5150.502301008669,0
16891.369252435434,0,0,0
0,0,0,0
0,0,0,0
18041.06360434277,0,0,0
0,0,0,0
0,0,0,0
19658.25929266748,0,5308.1684280972095,0
0,0,0,0
0,0,0,0
20174.83222230131,0,0,0
0,0,0,0
0,0,0,0
21023.875275445433,0,0,0
0,0,0,0
0,0,0,0
17711.179413600443,0,5146.902733300307,0
0,0,0,0
0,0,0,0
0,0,0,0
0,0,0,0
17742.162274210154,0,0,0
0,0,0,0
0,0,0,0
19441.384052657086,0,0,0
0,0,0,0
0,0,5394.287048460353,0
21811.492580913415,0,0,0
0,0,0,0
16150.507954429999,0,0,0
0,0,0,0
16507.285953512044,0,0,0
0,0,0,0
16793.368186266478,0,5254.646219805417,0
0,0,0,0
15815.693260177488,0,0,0
0,0,0,0
18138.485575668135,0,0,0
0,0,0,0
0,0,0,0
17180.696256837495,0,0,0
0,0,0,0
0,0,0,0
0,0,0,0
0,0,0,0
17546.30026119727,0,5007.665099783826,0
0,0,0,0
0,0,0,0
16090.445198971665,0,0,0
0,0,0,0
0,0,0,0
19245.341853547536,0,0,0
0,0,0,0
15867.731649165797,0,0,0
0,0,0,0
17858.269625340912,0,5379.499395957584,0
0,0,0,0
17800.019260013345,0,0,0
0,0,0,0
20066.399617679665,0,0,0
0,0,0,0
20450.759540301446,0,5054.168313728345,0
0,0,0,0
16172.740851233679,0,0,0
0,0,0,0
0,0,0,0
15953.767026816047,0,0,0
0,0,0,0
0,0,0,0
0,0,0,0
17988.583586912817,0,0,0
0,0,0,0
0,0,0,0
0,0,0,0
0,0,0,0
17241.347102368916,0,0,0
0,0,0,0
0,0,0,0
0,0,0,0
0,0,0,0
16459.9403829279,0,0,0
0,0,0,0
0,0,0,0
0,0,0,0
16198.404830849042,0,5127.947955098319,0
0,0,0,0
0,0,0,0
0,0,0,0
0,0,0,0
0,0,0,0
0,0,0,0
0,0,0,0
0,0,0,0
0,0,0,0
0,0,0,0
0,0,0,0
0,0,0,0
0,0,0,0
16984.331092490687,0,0,0
0,0,0,0
0,0,0,0
0,0,0,0
0,0,0,0
0,0,0,0
16586.977674524456,0,0,0
0,0,0,0
0,0,0,0
0,0,0,0
19796.81586249447,0,5404.738727444298,0
0,0,0,0
0,0,0,0
0,0,0,0
20376.366254011766,0,0,0
0,0,0,0
0,0,0,0
15881.646806301502,0,0,0
0,0,0,0
0,0,0,0
18133.333437267025,0,0,0
0,0,0,0
0,0,0,0
18793.385004623575,0,0,0
0,0,0,0
0,0,5054.914589487433,0
18415.939125197456,0,0,0
0,0,0,0
0,0,0,0
19684.740955218815,0,0,0
0,0,0,0
17508.517091588154,0,0,0
0,0,0,0
19548.598434573953,0,5146.641279610832,0
0,0,0,0
18681.285034997094,0,0,0
0,0,0,0
19497.793515320685,0,0,0
0,0,0,0
16807.333584794804,0,0,0
0,0,0,0
16333.505576167652,0,0,0
0,0,0,0
0,0,0,0
21601.426069223293,0,5104.336813963814,0
0,0,0,0
15807.96730056153,0,0,0
0,0,0,0
16208.183777987524,0,0,0
0,0,0,0
16495.835426887716,0,0,0
0,0,0,0
0,0,0,0
0,0,0,0
16109.443879533075,0,0,0
0,0,0,0
0,0,0,0
0,0,5215.487478267595,0
16421.500200262923,0,0,0
0,0,0,0
0,0,0,0
0,0,0,0
0,0,0,0
0,0,0,0
0,0,0,0
0,0,0,0
0,0,0,0
0,0,0,0
0,0,0,0
0,0,0,0
16923.186384937097,0,0,0
0,0,0,0
0,0,0,0
0,0,5195.09358269108,0
17620.016003336947,0,0,0
0,0,0,0
0,0,0,0
0,0,0,0
0,0,0,0
17015.744618375462,0,0,0
0,0,0,0
0,0,0,0
0,0,0,0
0,0,0,0
16491.794246979312,0,0,0
0,0,0,0
0,0,0,0
0,0,0,0
0,0,0,0
0,0,0,0
0,0,0,0
0,0,0,0
0,0,0,0
0,0,0,0
0,0,0,0
0,0,0,0
0,0,0,0
16358.754676903838,0,0,0
0,0,0,0
0,0,0,0
0,0,0,0
16022.11796483778,0,5226.725254568057,0
0,0,0,0
0,0,0,0
0,0,0,0
0,0,0,0
18827.487021761808,0,0,0
0,0,0,0
0,0,0,0
0,0,0,0
0,0,0,0
0,0,0,0
0,0,0,0
16103.15800032465,0,0,0
0,0,0,0
0,0,0,0
0,0,0,0
0,0,0,0
0,0,0,0
16975.36272879223,0,5069.880239973504,0
0,0,0,0
0,0,0,0
0,0,0,0
0,0,0,0
18125.199013753692,0,0,0
0,0,0,0
0,0,0,0
0,0,0,0
17737.615461564354,0,0,0
0,0,0,0
0,0,0,0
0,0,4995.154467035807,0
19077.318891292634,0,0,0
0,0,0,0
0,0,0,0
0,0,0,0
0,0,0,0
0,0,0,0
0,0,0,0
0,0,0,0
0,0,0,0
0,0,0,0
0,0,0,0
0,0,0,0
0,0,0,0
0,0,0,0
0,0,0,0
0,0,0,0
0,0,0,0
0,0,0,0
0,0,0,0
0,0,0,0
0,0,0,0
15976.654397999035,0,0,0
0,0,0,0
0,0,0,0
0,0,0,0
0,0,0,0
0,0,0,0
0,0,0,0
0,0,0,0
0,0,0,0
0,0,0,0
0,0,0,0
0,0,0,0
0,0,0,0
0,0,0,0
0,0,0,0
0,0,0,0
0,0,0,0
0,0,0,0
0,0,0,0
0,0,0,0
0,0,0,0
17134.987942406042,0,0,0
0,0,0,0
0,0,0,0
0,0,0,0
0,0,0,0
0,0,0,0
0,0,0,0
0,0,0,0
0,0,0,0
0,0,0,0
0,0,0,0
0,0,0,0
0,0,0,0
0,0,0,0
0,0,0,0
0,0,0,0
0,0,0,0
0,0,0,0
0,0,0,0
0,0,0,0
0,0,0,0
0,0,0,0
0,0,0,0
0,0,0,0
0,0,0,0
0,0,0,0
0,0,0,0
0,0,0,0
0,0,0,0
16651.790985380456,0,0,0
0,0,0,0
0,0,0,0
0,0,0,0
0,0,0,0
0,0,0,0
0,0,0,0
0,0,0,0
0,0,0,0
0,0,0,0
0,0,0,0
0,0,0,0
18639.902667761344,0,5108.484926492444,0
0,0,0,0
0,0,0,0
0,0,0,0
18216.268095755735,0,0,0
0,0,0,0
0,0,0,0
18638.04977022925,0,0,0
0,0,0,0
0,0,5266.183918905286,0
20138.671003663352,0,0,0
0,0,0,0
0,0,0,0
20089.378162095327,0,0,0
0,0,0,0
0,0,0,0
17731.72037981043,0,0,0
0,0,0,0
0,0,0,0
0,0,0,0
18687.572913032625,0,0,0
0,0,0,0
0,0,0,0
0,0,0,0
0,0,0,0
0,0,0,0
0,0,0,0
15797.871527972848,0,0,0
0,0,0,0
0,0,0,0
0,0,0,0
0,0,5177.323749488168,0
17509.60270446324,0,0,0
0,0,0,0
0,0,0,0
0,0,0,0
18602.18663135942,0,0,0
0,0,0,0
0,0,0,0
0,0,0,0
19052.09746131208,0,0,0
0,0,0,0
0,0,0,0
0,0,0,0
0,0,0,0
17388.92188689198,0,0,0
0,0,0,0
0,0,0,0
0,0,5125.598140509386,0
16989.88873426963,0,0,0
0,0,0,0
0,0,0,0
0,0,0,0
19993.01193725422,0,0,0
0,0,0,0
0,0,0,0
0,0,0,0
20327.30786716081,0,5701.672685900967,0
0,0,0,0
0,0,0,0
15956.386365495156,0,0,0
0,0,0,0
0,0,0,0
0,0,0,0
18750.54677676629,0,0,0
0,0,0,0
0,0,0,0
0,0,0,0
16813.87904039318,0,0,0
0,0,0,0
0,0,0,0
16595.359442027115,0,5428.818472260032,0
0,0,0,0
0,0,0,0
16828.815943584992,0,0,0
0,0,0,0
0,0,0,0
20130.359999749955,0,0,0
0,0,0,0
16808.857249551285,0,5259.809170188046,0
0,0,0,0
17678.650592479025,0,0,0
0,0,0,0
19112.551236295356,0,0,0
0,0,0,0
20219.10688502444,0,0,0
0,0,0,0
0,0,0,0
19449.565712837022,0,5210.500581321099,0
0,0,0,0
0,0,0,0
0,0,0,0
17412.296910321544,0,0,0
0,0,0,0
0,0,0,0
17523.553587879902,0,0,0
0,0,0,0
0,0,0,0
21191.889840901782,0,4989.288013236137,0
0,0,0,0
16780.87643727163,0,0,0
0,0,0,0
19066.13528453801,0,0,0
0,0,0,0
20294.125314096076,0,0,0
0,0,0,0
21565.972687203197,0,5222.631441873693,0
0,0,0,0
21537.873234192153,0,0,0
0,0,0,0
20384.70396121562,0,0,0
0,0,0,0
18113.275924309728,0,0,0
0,0,0,0
0,0,0,0
18609.765404136164,0,0,0
0,0,0,0
0,0,0,0
17973.09200248461,0,4987.579198548602,0
0,0,0,0
0,0,0,0
21914.396162990393,0,0,0
0,0,0,0
18299.094529604154,0,0,0
0,0,0,0
20458.44151890755,0,0,0
0,0,5195.580954229902,0
23040.551276761522,0,0,0
0,0,0,0
23885.80104115811,0,0,0
0,0,0,0
26394.59084030812,0,5132.901257364042,0
0,0,0,0
25565.646065305707,0,0,0
0,0,0,0
22095.561424066214,0,0,0
0,0,0,0
20980.6107565664,0,0,0
0,0,0,0
0,0,0,0
18336.811100333965,0,0,0
0,0,0,0
0,0,0,0
19106.719863270955,0,5274.349814117205,0
0,0,0,0
15924.339325783449,0,0,0
0,0,0,0
19069.141014292683,0,0,0
0,0,0,0
18364.826896838305,0,0,0
0,0,0,0
16723.6503718396,0,0,0
0,0,0,0
16873.989294480107,0,5275.781531832021,0
0,0,0,0
15797.145876499915,0,0,0
0,0,0,0
17081.636668573636,0,0,0
0,0,0,0
15727.059190291615,0,0,0
0,0,0,0
15819.6208093906,0,0,0
0,0,0,0
0,0,0,0
20782.809338171344,0,0,0
0,0,0,0
0,0,5044.295295678346,0
19981.313224259076,0,0,0
0,0,0,0
0,0,0,0
18905.886582766867,0,0,0
0,0,0,0
0,0,0,0
21154.125224612853,0,0,0
0,0,5028.329335945936,0
0,0,0,0
21331.586655912375,0,0,0
0,0,0,0
0,0,0,0
22655.11000166632,0,0,0
0,0,0,0
16792.487731566845,0,5277.381859967267,0
0,0,0,0
0,0,0,0
20527.061384448676,0,0,0
0,0,0,0
0,0,0,0
19236.194390580753,0,0,0
0,0,0,0
18574.598553318734,0,5269.717730542647,0
0,0,0,0
18684.329388892274,0,0,0
0,0,0,0
18145.647445775365,0,0,0
0,0,0,0
18487.506185541057,0,0,0
0,0,5041.064685367654,0
18107.94347526595,0,0,0
0,0,0,0
17970.130105231892,0,0,0
0,0,0,0
18351.315782206653,0,0,0
0,0,0,0
18617.99356561288,0,5160.932823453185,0
0,0,0,0
18612.21603499711,0,0,0
0,0,0,0
0,0,0,0
20330.33242294342,0,0,0
0,0,0,0
0,0,0,0
16324.72019964617,0,0,0
0,0,0,0
15868.752345706975,0,5136.880812338215,0
0,0,0,0
16789.870280899348,0,0,0
0,0,0,0
18105.088106703577,0,0,0
0,0,0,0
20342.818988287705,0,0,0
0,0,0,0
22565.078403092266,0,5492.426876459659,0
0,0,0,0
21537.873234192153,0,0,0
0,0,0,0
20043.889608534108,0,0,0
0,0,0,0
20390.7102595713,0,0,0
0,0,5088.053099079883,0
17111.221842926494,0,0,0
0,0,0,0
0,0,0,0
20180.714684612813,0,0,0
0,0,0,0
0,0,0,0
19889.605434382924,0,0,0
0,0,0,0
16831.143042817414,0,5658.378704573398,0
0,0,0,0
15839.881706694123,0,0,0
0,0,0,0
16328.929672115504,0,0,0
0,0,0,0
16681.82657980566,0,0,0
0,0,5218.225543404403,0
16272.98128832108,0,0,0
0,0,0,0
17971.131546345263,0,0,0
0,0,0,0
18355.835772163122,0,0,0
0,0,0,0
18624.554334803095,0,5108.605105889391,0
0,0,0,0
17551.013596301927,0,0,0
0,0,0,0
0,0,0,0
16592.607580420776,0,0,0
0,0,0,0
0,0,0,0
18086.355036266796,0,0,0
0,0,0,0
0,0,0,0
21372.31286125409,0,5662.598597126255,0
0,0,0,0
15813.118276177252,0,0,0
0,0,0,0
16238.737372014331,0,0,0
0,0,0,0
16542.90691873722,0,0,0
0,0,0,0
16752.400996116696,0,0,0
0,0,5140.734413191418,0
18129.911275970255,0,0,0
0,0,0,0
17949.737926573238,0,0,0
0,0,0,0
16429.97723133807,0,0,0
0,0,0,0
16438.399737083837,0,0,0
0,0,0,0
0,0,0,0
16979.512788640997,0,0,0
0,0,0,0
0,0,0,0
16881.373440606036,0,5326.612588523715,0
0,0,0,0
0,0,0,0
22922.06815287009,0,0,0
0,0,0,0
20440.7186587309,0,0,0
0,0,5054.715767155677,0
21961.14186935633,0,0,0
0,0,0,0
23893.67437840009,0,0,0
0,0,0,0
24315.671830400923,0,5057.460841313115,0
0,0,0,0
25605.850603628794,0,0,0
0,0,0,0
26162.23555184876,0,0,0
0,0,0,0
26452.400778553907,0,5715.785346532254,0
0,0,0,0
21028.767857151983,0,0,0
0,0,0,0
0,0,0,0
23858.0816012013,0,0,0
0,0,0,0
17192.878841680078,0,0,0
0,0,0,0
15927.313750140698,0,5199.41120908589,0
0,0,0,0
15821.357043142305,0,0,0
0,0,0,0
16247.74863346998,0,0,0
0,0,0,0
16551.026580579233,0,0,0
0,0,0,0
16800.3653048949,0,5337.749677135969,0
0,0,0,0
18690.416905529037,0,0,0
0,0,0,0
19164.788814032694,0,0,0
0,0,0,0
19409.640345145403,0,0,0
0,0,5181.383220503143,0
18788.21011813803,0,0,0
0,0,0,0
0,0,0,0
19484.074400196467,0,0,0
0,0,0,0
0,0,0,0
21206.576637003753,0,0,0
0,0,5052.4905465472475,0
20015.85464649264,0,0,0
0,0,0,0
23901.078415684526,0,0,0
0,0,0,0
24346.049487412347,0,5003.957705168672,0
0,0,0,0
23556.99645884784,0,0,0
0,0,0,0
24072.624431383316,0,0,0
0,0,0,0
26531.373577702518,0,5592.090218987333,0
0,0,0,0
24527.049771677226,0,0,0
0,0,0,0
24065.343661974486,0,0,0
0,0,0,0
21242.168478693242,0,0,0
0,0,0,0
0,0,0,0
17563.488234132157,0,0,0
0,0,0,0
0,0,0,0
0,0,0,0
15849.301239786937,0,0,0
0,0,0,0
0,0,0,0
0,0,0,0
18900.259014310086,0,5226.054211667872,0
0,0,0,0
0,0,0,0
0,0,0,0
16512.978553060162,0,0,0
0,0,0,0
0,0,0,0
18545.128538457022,0,0,0
0,0,0,0
15822.803535224784,0,0,0
0,0,0,0
20640.459048200526,0,5642.138743898324,0
0,0,0,0
21342.139263018416,0,0,0
0,0,0,0
21194.69435549638,0,0,0
0,0,0,0
20444.507308742403,0,0,0
0,0,0,0
20277.00755533572,0,0,0
0,0,0,0
19636.464867611674,0,5348.9564636293035,0
0,0,0,0
17658.41180312872,0,0,0
0,0,0,0
19975.87228597772,0,0,0
0,0,0,0
16500.72169879652,0,0,0
0,0,0,0
18564.149115976783,0,0,0
0,0,0,0
17745.475575961067,0,5123.296514026682,0
0,0,0,0
0,0,0,0
15842.054933180108,0,0,0
0,0,0,0
0,0,0,0
0,0,0,0
16382.425324484524,0,0,0
0,0,0,0
0,0,0,0
0,0,0,0
0,0,0,0
0,0,0,0
0,0,0,0
16474.449506171088,0,0,0
0,0,0,0
0,0,0,0
0,0,0,0
0,0,0,0
18185.524979784914,0,5129.823363529577,0
0,0,0,0
0,0,0,0
0,0,0,0
0,0,0,0
16531.911240607198,0,0,0
0,0,0,0
0,0,0,0
0,0,0,0
0,0,0,0
17669.744172666105,0,0,0
0,0,0,0
0,0,0,0
0,0,0,0
0,0,0,0
0,0,0,0
0,0,0,0
0,0,0,0
16907.868112820706,0,0,0
0,0,0,0
0,0,0,0
15818.244359717477,0,4991.941475507316,0
0,0,0,0
0,0,0,0
16889.356738218412,0,0,0
0,0,0,0
0,0,0,0
20841.802915870634,0,0,0
0,0,0,0
0,0,0,0
17994.113154268663,0,5082.525571792744,0
0,0,0,0
0,0,0,0
16895.100861359308,0,0,0
0,0,0,0
0,0,0,0
18830.167474742568,0,0,0
0,0,0,0
0,0,0,0
0,0,0,0
0,0,0,0
0,0,0,0
0,0,0,0
16320.35586810787,0,0,0
0,0,0,0
0,0,0,0
0,0,0,0
17320.73914542555,0,0,0
0,0,0,0
0,0,0,0
0,0,0,0
0,0,0,0
17625.835984007237,0,5164.374209442218,0
0,0,0,0
0,0,0,0
0,0,0,0
0,0,0,0
0,0,0,0
0,0,0,0
0,0,0,0
0,0,0,0
0,0,0,0
0,0,0,0
0,0,0,0
0,0,0,0
0,0,0,0
0,0,0,0
0,0,0,0
0,0,0,0
0,0,0,0
0,0,0,0
0,0,0,0
0,0,0,0
0,0,0,0
0,0,0,0
0,0,0,0
0,0,0,0
17221.936702713432,0,0,0
0,0,0,0
0,0,0,0
0,0,0,0
0,0,0,0
0,0,0,0
16074.686549059492,0,0,0
0,0,0,0
0,0,0,0
0,0,0,0
0,0,0,0
0,0,0,0
0,0,0,0
0,0,0,0
0,0,0,0
16778.257564761192,0,0,0
0,0,0,0
0,0,0,0
0,0,0,0
0,0,0,0
0,0,0,0
16277.852263906198,0,5122.452005169835,0
0,0,0,0
0,0,0,0
0,0,0,0
0,0,0,0
0,0,0,0
17432.067941025794,0,0,0
0,0,0,0
0,0,0,0
0,0,0,0
17866.866263781933,0,0,0
0,0,0,0
0,0,0,0
0,0,0,0
0,0,0,0
0,0,0,0
0,0,0,0
17740.93108856117,0,5094.570652507746,0
0,0,0,0
0,0,0,0
0,0,0,0
0,0,0,0
16608.76050388037,0,0,0
0,0,0,0
0,0,0,0
0,0,0,0
17748.918794296675,0,0,0
0,0,0,0
0,0,0,0
0,0,0,0
17505.060369233248,0,5354.362902059416,0
0,0,0,0
0,0,0,0
0,0,0,0
18125.931109516325,0,0,0
0,0,0,0
0,0,0,0
0,0,0,0
0,0,0,0
16829.91096273389,0,0,0
0,0,0,0
0,0,0,0
0,0,0,0
0,0,0,0
17876.666136441323,0,0,0
0,0,0,0
0,0,0,0
0,0,0,0
18140.134756507603,0,5256.758548538848,0
0,0,0,0
0,0,0,0
0,0,0,0
19474.430445738857,0,0,0
0,0,0,0
0,0,0,0
16018.120393403653,0,0,0
0,0,0,0
0,0,0,0
0,0,0,0
17251.045522649863,0,0,0
0,0,0,0
0,0,0,0
0,0,0,0
0,0,0,0
17204.904896798056,0,0,0
0,0,0,0
0,0,0,0
0,0,0,0
0,0,0,0
18137.048933357222,0,0,0
0,0,0,0
0,0,0,0
