720,12.3,12.443631396062772,14.457544690742562,14.533793867084581
721,11.2,12.332060202971244,14.392368052524438,14.45930794682431
722,11.1,11.272377817889732,14.28489127301696,14.385415859263961
723,11,11.172172976326905,14.179075077447388,14.307019347646767
724,11,11.072841006790147,14.074600686880057,14.22693866577502
725,11,11.069911836431672,15,14.14420387078497
726,11.1,11.097547503005408,14.81993928427806,14.188910532995095
727,11.3,11.190142294896566,14.66146713993746,14.213949665710345
728,11.6,11.387779782825158,14.53524459141868,14.240831185613665
729,11.9,11.692765894363133,14.45527091989102,14.28834372838237
730,12.2,12.001144034688172,14.420185552860797,14.352576435298092
731,12.5,12.306824599098455,14.421088207690996,14.427041606271356
732,12.8,12.60188834736206,14.4396719653785,14.500075131123966
733,12.9,12.882630218458598,14.457091225703653,14.557301287528977
734,13,12.96377968950414,14.45707785134648,14.58594026691125
735,12.9,13.041681375049489,14.438051266573948,14.574636631690412
736,12.8,12.930971113961105,14.400121679084092,14.533124325438529
737,12.6,12.829980236653952,14.357850643109197,14.48602978840517
738,12.3,12.632731095947374,14.309704585513206,14.43456660214977
739,11.8,12.33670284339736,14.252094636119178,14.376084449558686
740,11.6,11.85129754051509,14.17734530626237,14.315514616809184
741,11.4,11.654607918342597,14.098165381186934,14.249847209056586
742,9.6,11.435842207633343,14.014642297810992,14.154400608366375
743,7.7,9.684194724302868,15,14.0338001952845
1392,4.8,5.402344886269077,14.50271067071385,14.034605314193042
1393,8,5.14638811163427,14.036154293509478,14.003364487086598
1394,7.9,8.16149439471857,15,15
1395,7.8,8.098444857910174,14.700070497608255,14.89345823665503
1396,7.8,7.992144126846591,14.418555075705795,14.764606683950797
1397,7.8,7.982283824642394,14.15803599133164,14.618812968624622
1398,8,7.9749770034941925,15,14.451715084594763
1399,8.3,8.207539018721999,14.69534815359267,14.441040142340109
1400,8.7,8.534492068156691,14.49563099914144,14.454788656032667
1401,9.2,8.958325660838891,14.391268611957768,14.496755282172051
1402,9.7,9.481310940774534,14.378617240848605,14.551559678101203
1403,10.3,10.118161207129056,14.59115405387211,14.620144791468938
1404,10.6,10.509188977867744,14.564517212763075,14.694062989888652
1405,10.9,10.85631972322142,14.631000550821744,14.771177577461915
1406,11,11.053003068447753,14.585598302969204,14.804232665957283
1407,10.9,11.120792148971564,14.515479702317498,14.787624918202972
1408,10.7,10.997171387346652,14.415529875057596,14.716228518074484
1409,10.3,10.784591049844138,14.294720094786246,14.612349313148837
1410,9.9,10.392915254939435,14.162053906078697,14.50182209712696
1411,9,9.994907301274704,14.018030204776,14.376403561753994
1412,8.7,9.125885496847163,15,14.246003508201467
1413,8.5,8.869468249237878,14.711987939051395,14.251534313302603
1414,9.3,8.676763007688775,14.440280378872016,14.229950291519032
1415,9.9,9.438576076471708,14.232431496600265,14.184296002687125
2136,13,12.059220508101617,14.170534960370444,14.417939533753229
2137,13,13.02186844361628,14.147637015991958,14.35921173168604
2138,12.6,13.017299965977593,14.12405276359466,14.297414632996672
2139,12.2,12.625832833895993,14.086090271957453,14.23300464159051
2140,11.8,12.234533759733948,14.03397635969947,14.164940011766436
2141,11.4,11.843294358740486,15,14.092031751549115
2142,11,11.489135633398133,14.846480921668533,14.152961214703256
2143,11,11.123526787951066,14.720650848739318,14.231200269303187
2144,11,11.221185160909776,14.740454680553583,14.354051132528394
2145,11,11.31395061518068,14.883396552989884,14.461816932294665
2146,11,11.348792358032174,15.058353436007256,14.626746788073019
2147,12,11.449248934027732,15.333067693934735,14.79016749067221
2148,12,12.426122570927152,15.648889731291357,14.977778037335405
2149,13,12.44339581545715,15.940826553971885,15.16125145458294
2150,13,13.351063907096167,16.180523295130644,15.347998010840751
2151,12,13.25645376979722,16.292089898711904,15.503214414070644
2152,10,12.178318911552275,16.23358807716618,15.56964581807623
2153,11,10.205531185920389,15.98538528883413,15.59888003596396
2154,11,11.127268464788033,15.778228865718406,15.550294977552639
2155,8.2,11.078257032253793,15.587360157400466,15.441660625010142
2156,8,8.407646729026535,15.266182772408417,15.318096762250773
2157,7.8,8.203344081233098,14.959447332244489,15.170567589669087
2158,7.2,7.995084970493262,14.664803008471546,15.002871832306429
2159,6.5,7.4050489116247675,14.358596663764079,14.824173660973875
2856,9,10.11004671834934,14.61509805860774,14.981019716443479
2857,9,9.148003753473638,14.407006257958596,14.857878975034348
2858,8,9.130127752646775,14.212658884610928,14.707363807396494
2859,8,8.168254022471244,15,14.55854076774269
2860,8,8.195636274176856,14.687666156918766,14.5208277786421
2861,8,8.19233784659914,14.412907423292225,14.474394891953416
2862,8,8.19324943229544,14.175277926368452,14.420601309077167
2863,9,8.212349867956378,15,14.393952013843949
2864,10,9.221831555852292,14.798462068738887,14.523542027553475
2865,10,10.226297715148979,14.740929907801982,14.708448416700872
2866,12,10.408239661830287,14.900459226781438,14.908467655793316
2867,13,12.3872875504881,15.207641486147793,15.065989201334306
2868,14,13.378897915903288,15.54945588359316,15.25471976549452
2869,15,14.342875147349165,15.883631889219151,15.46619550236899
2870,16,15.279714876581899,16.172029597639877,15.695757744506533
2871,16,16.187338691797635,16.389510060384872,15.905099204531005
2872,16,16.111945023611185,16.4983284535438,16.091190545196778
2873,16,16.047286862956607,16.520636246773826,16.220067473742123
2874,15,16.00892172796,16.510633582255476,16.26537155396368
2875,11.5,14.974589804266929,16.456359147868877,16.221501663383364
2876,10.2,11.610811252160488,16.256786897440698,16.160237087360212
2877,9.5,10.355453305333917,16.008063441316015,16.076706816128603
2878,10.2,9.685269095176514,15.742580089811078,15.987930224764554
2879,11,10.353764079565398,15.533483086879581,15.891184142534216
3600,14,14.306001659569667,19.707688253379366,19.987222122041214
3601,13,14.26972235873529,19.29644825667098,19.54640283686627
3602,13,13.313949306759573,18.83376621491594,19.132638130424173
3603,12,13.276864160299747,18.412456967238224,18.678393678993015
3604,12,12.327174143123884,17.948604211101376,18.26628187946668
3605,12,12.322871417337334,17.55513915218705,17.92552251384503
3606,12,12.320134035637336,17.222140558762643,17.638581905757405
3607,13,12.325854739775359,16.93594686661117,17.44854094855297
3608,15,13.32641331763846,16.82954462009589,17.396425642846932
3609,17,15.288006672249267,16.97157534162855,17.4824174043145
3610,19,17.26289460757151,17.302504353881694,17.708719544011636
3611,20,19.209198702262533,17.780337736072003,18.0170698163933
3612,21,20.173990129779316,18.275174076657915,18.442668468076818
3613,22,21.151935926196323,18.807935228165018,18.85202793533061
3614,23,22.091190985715997,19.322643800089786,19.291888253089244
3615,23,22.992374725182145,19.79063048471573,19.69791202800012
3616,23,22.95082761442264,20.134361166625855,20.06190633129499
3617,22,22.909169173851343,20.390871662257993,20.304298513041324
3618,21,21.94642358565642,20.524860473206566,20.41810207363651
3619,20,20.975485571641077,20.555355696871512,20.418396652519476
3620,19,20.01073463097982,20.51698989413879,20.35060328952782
3621,17.8,19.050310863438085,20.413674494672122,20.21889928457542
3622,15.8,17.890310445195905,20.23025341642484,19.98034109842672
3623,14.2,15.990624351879891,19.90335280085891,19.669094526121874
4320,16,17.096837993981545,19.272135238128307,19.15903438484353
4321,15,16.13869042627674,19.042047723611866,18.923973608383296
4322,14,15.178790382029566,18.751432398953806,18.64536863091131
4323,14,14.227909956579527,18.403996058023722,18.3836933505918
4324,13,14.204972934396089,18.09699295744701,18.08439816473404
4325,13,13.274372280297621,17.760527566496307,17.847600317481884
4326,13,13.278297967177526,17.484711688428614,17.6597918025463
4327,14,13.29489428987371,17.261465890617874,17.576774892143355
4328,15,14.271149888447704,17.19341862233156,17.5619839011578
4329,16,15.277044967314124,17.284448186463965,17.641738205203055
4330,18,16.30055422389801,17.504987502926127,17.88032474797434
4331,18,18.24899875976217,17.898320662125936,18.057894228182324
4332,18,18.276199516321096,18.27445414041142,18.2385903982376
4333,18,18.276283754028704,18.60305943479523,18.428441823637108
4334,19,18.261705974441433,18.854999184530865,18.68033490612169
4335,20,19.172081557190662,19.07236212899621,18.958163367978084
4336,17,20.018350023508265,19.25712872387354,19.001642590209784
4337,18,17.164369763503057,19.167875369865072,19.094557565982022
4338,19,18.09210321112032,19.134560058583666,19.17113451080228
4339,17.8,18.9994852719231,19.139387082540587,19.10441698284099
4340,17.5,17.85349220025129,19.053553234480706,19.013771593461644
4341,17,17.56112602665181,18.95275292267937,18.89872711506921
4342,16.2,17.076176137105048,18.82319627215479,18.744026991314733
4343,15.5,16.309980403203546,18.64361736561724,18.559581752975884
5064,17,18.163730442671067,21.492005283764858,21.441232081906886
5065,17,17.21362578868224,21.168307546062223,21.188474282687427
5066,16,17.18548542542457,20.87345219750679,20.883044945869653
5067,16,16.234325588084086,20.521009989620833,20.594675790519883
5068,16,16.216198576494264,20.201033610871605,20.319392259909193
5069,17,16.2252369057975,19.928174577337163,20.14271836881686
5070,17,17.172453879412846,19.789763258899384,20.01904634235809
5071,18,17.200108230483092,19.693034578322386,20.012356937040686
5072,19,18.20014240908157,19.748800380383777,20.07780386873674
5073,21,19.242135445366277,19.95833453120563,20.26837531102636
5074,22,21.21216446005468,20.352327151244204,20.523965665851904
5075,23,22.223483913687303,20.832618192374152,20.85446564819699
5076,25,23.231293579148414,21.366400804978863,21.298519020613565
5077,25,25.117873555333567,21.98929740735378,21.719752100316764
5078,25,25.109892765449377,22.504147510789338,22.135127592192326
5079,26,25.085227982584453,22.896571307136227,22.57667514704411
5080,26,25.972021752044924,23.24312712520335,22.96619933934268
5081,26,25.92631925665829,23.483135414953004,23.286997828255913
5082,26,25.911961648009424,23.674417888518363,23.52797020215117
5083,23.2,25.860993954340486,23.827202251958248,23.535480572052094
5084,22.2,23.214013447766845,23.778100811332074,23.49477824794234
5085,21.2,22.256148303037726,23.665930150264945,23.397491384485242
5086,19.2,21.283307829635085,23.490685429455198,23.186247122571345
5087,17.2,19.376617396438224,23.17326377286317,22.872799575854238
5808,17,17.089335206569046,18.91713783599835,18.935067253926654
5809,16,17.071941174879353,18.793022914591216,18.75962073966529
5810,16,16.12561665836011,18.60257020040214,18.60097960679111
5811,16,16.11616244533287,18.427636693151165,18.448775807761507
5812,16,16.10756366285716,18.266568438008644,18.303805784910004
5813,16,16.101564353864674,18.12035582255275,18.167541244975133
5814,15,16.104206126028807,18.01209141105156,18.02440684584763
5815,15,15.176679000179748,17.858887441790717,17.934002507644
5816,15,15.19546223358093,17.754250238535676,17.891839573283125
5817,16,15.224545539737482,17.69021838106432,17.948121751904246
5818,16,16.179141501839894,17.730736836612348,18.019200814024703
5819,15,16.179170783040497,17.781592086667278,18.039712698113515
5820,15,15.241548709519433,17.755091842963694,18.063860366568864
5821,15,15.231787386440379,17.72164510420558,18.063154243743696
5822,16,15.224914776832719,17.6709248865304,18.08557915281445
5823,16,16.139978342631284,17.669354630874725,18.050211090459737
5824,16,16.112605594503627,17.631035727833382,17.970272888685113
5825,15,16.07506430392656,17.561612118873878,17.78843871939224
5826,15,15.116026768537132,17.401251373197876,17.5969699259386
5827,15.2,15.107958179170028,17.249096540184695,17.429940359323286
5828,15,15.287638357828145,17.12200022334078,17.263433818841804
5829,15,15.09277768182739,16.988043397581123,17.11223799952851
5830,15,15.086366931583362,16.863047400575322,16.972630835525607
5831,14.8,15.078809907252891,16.746396698292326,16.831256045430916
6528,11,12.095739105377048,16.175555101838572,16.30246946029422
6529,10,11.122268600193493,15.979872621352026,16.195499182021383
6530,10,10.160052442686393,15.747584042411031,16.08131893481544
6531,10,10.152268284565809,15.531773821467565,15.954093589259594
6532,9,10.134054727968246,15.330298383453027,15.80338003972228
6533,9,9.17212308377837,15.090196086762282,15.64851313500063
6534,8,9.159976014664696,14.875048769714127,15.48918566231773
6535,8,8.240866229796417,14.67640179526435,15.37362234728733
6536,9,8.337031137109074,14.611270697616987,15.29939903816787
6537,11,9.403275653765427,14.714029750218124,15.274230911934708
6538,13,11.355550269660183,14.917012001089242,15.357610306862334
6539,14,13.149433469327203,15.004372422933372,15.46137950286133
6540,15,14.120771523520638,15.114090330133825,15.582081356153365
6541,15,15.04798836319142,15.190904913798672,15.619043260188732
6542,15,15.193487123735588,15.451945069180818,15.709075360429221
6543,15,15.16017990806496,15.650175871478352,15.760711456695958
6544,15,15.05708941025949,15.697961685764245,15.788877958890367
6545,15,15.013816556322706,15.68606227981764,15.770279652977823
6546,14,15.000565463807714,15.671849425274338,15.73383318160103
6547,13.2,14.024758645226026,15.624196069163386,15.68653142596387
6548,12.8,13.248452477265833,15.548149702363819,15.633073432500163
6549,12,12.85219168643406,15.460005182068446,15.563375722706683
6550,11.8,12.079104123655853,15.342585556088531,15.491964436286766
6551,11.8,11.883178708326623,15.223405090119176,15.419716848728324
7272,14,14.045031987731196,16.0805072279576,16.15001515525006
7273,13,14.032284398343329,16.018074939417215,16.096399907576192
7274,12,13.057037785892247,15.918547787721838,16.024837093802294
7275,12,12.094215861922054,15.781010081256994,15.94948340714978
7276,11,12.078988437399023,15.652118177381654,15.85544145602656
7277,11,11.116728946920505,15.484581375452809,15.761951143030275
7278,12,11.122720770898145,15.327884704699443,15.671026648758293
7279,11,12.070709464927772,15.232208051752696,15.568840740539532
7280,12,11.136362893956363,15.117538636545339,15.523439093930103
7281,12,12.114432540244604,15.083347808822937,15.504755493858372
7282,12,12.274716011762418,15.260882430120159,15.527712366770215
7283,13,12.398596794684636,15.56490631002696,15.564796564134522
7284,13,13.362562691753732,15.8794700944934,15.634978452355906
7285,14,13.341366106494295,16.118475657957777,15.737551689541798
7286,15,14.240669559723644,16.277310567241308,15.84711645692993
7287,15,15.08899903346668,16.307858631361512,15.92970208520074
7288,15,15.025200189025517,16.25561973802242,15.96576875539082
7289,14,15.012653488993665,16.20829818005035,15.974050542912982
7290,13,14.035574450833128,16.128759907153217,15.961839907603098
7291,11.5,13.053165793644755,16.01471584756132,15.923415039686946
7292,11.2,11.609829766646444,15.841842263260883,15.872703065630343
7293,10.8,11.312794089398361,15.667877034451474,15.802763599841017
7294,9.2,10.90383718015381,15.487311780930268,15.698060073683962
7295,7.5,9.34926168744546,15.238914496738397,15.56117300619758
7992,5,5.292651872296823,14.147490164469998,14.531455763897133
7993,4,5.264768373380451,15,14.346375810413848
7994,3,4.338429468086365,14.447496753958166,14.27634039372937
7995,2,3.3570762012777067,15,14.127885768922607
7996,3,2.4450056939424427,14.311370021109095,14.088126944365897
7997,3,3.3625444505692204,15,15
7998,2,3.379997951396808,14.411021254758696,14.815321475845067
7999,2,2.408853621742441,15,14.59314503005098
8000,2,2.4401246070459806,14.338090020729929,14.503427058217357
8001,3,2.4367062378216184,15,14.377094305566054
8002,3,3.426149303371669,14.431482694390388,14.365616421260896
8003,3,3.410085463929262,15,14.296004041023371
8004,4,3.443434589390959,14.436222674056182,14.313395207886943
8005,4,4.343237993859137,15,14.22286569773787
8006,4,4.4220461122670045,14.536941888866696,14.22246458737593
8007,5,4.34457837784648,14.0299122634833,14.13698205573535
8008,4,5.2600354606567175,15,15
8009,4,4.349434916369117,14.473811821385244,14.839848499766967
8010,4,4.328158155125929,15,14.636693040739717
8011,4,4.349434916369117,14.459184995631267,14.534212435048257
8012,4,4.327571277085606,15,14.378563770495541
8013,4,4.349434916369117,14.448792648989876,14.31185264234219
8014,6,4.353999845211623,15,14.20372389812748
8015,8,6.297054707318226,14.561710361925552,14.19705478537604
8736,7,8.153244688879811,15,15
8737,7,7.231976796243228,14.650708970655728,14.896289587868122
8738,7,7.219184877460462,14.330570274373539,14.756899178880058
8739,7,7.207613204405871,14.03513600162349,14.600177016109342
8740,7,7.197067542948187,15,14.42821699946703
8741,7,7.231976796243228,14.627688849227528,14.400778295181698
8742,7,7.2183478758897035,14.2897881060634,14.330570334905362
8743,7,7.206149789978755,15,14.224586341328596
8744,7,7.234434209431585,14.622686049693584,14.239673846146006
8745,7,7.301230191083122,14.386784220387748,14.231207806830652
8746,8,7.247045313229644,14.099169724031993,14.218712894368252
8747,8,8.199858069266794,15,14.185931851423483
8748,9,8.242484643948396,14.719388695671581,14.289503737760777
8749,9,9.17804323792209,14.508597713468784,14.328860503310766
8750,9,9.158308815959565,14.301809885624428,14.30875039532509
8751,9,9.139554971807748,14.097161953105688,14.239213116657751
8752,9,9.131083051918155,15,14.153886879911672
8753,9,9.160878859680478,14.723720904859489,14.191431439490822
8754,9,9.151611852953144,14.474032949702666,14.189214300051104
8755,9,9.143348366849096,14.246753406577525,14.153640283631674
8756,9,9.135921139567673,14.03837770855247,14.096997241214876
8757,9,9.12919298307145,15,14.018035834346643
8758,9,9.160878859680478,14.718251509018515,14.076626573998187
8759,8,9.140523263756458,14.464436018597222,14.078636526465381
