720,12.3,12.44220891145061,14.562592274473731,14.496922734556685
721,11.2,12.32869458937436,14.51215864180103,14.447817604500164
722,11.1,11.270352389406435,14.432456571973459,14.39785991970823
723,11,11.170906570090198,14.353161164969404,14.346140626583184
724,11,11.072385729822363,14.274185618403795,14.294348518884167
725,11,11.07025549283252,14.198451829831733,14.242137534471611
726,11.1,11.069129342942976,14.125724927580888,14.192511340201259
727,11.3,11.16560317965052,14.05876721676919,14.146883893498877
728,11.6,11.36688108762813,14.0067161129385,14.122061110719384
729,11.9,11.675006317218894,15,14.136751263534073
730,12.2,12.011364533827267,14.939478067474084,14.216677733339367
731,12.5,12.316420575069571,14.9075252001439,14.312241360638382
732,12.8,12.610692360068928,14.891402512349185,14.410253905617035
733,12.9,12.89033486513748,14.877605799050544,14.494517133106092
734,13,12.970764584526167,14.854164131563032,14.551435879559142
735,12.9,13.047972723833233,14.819441493192551,14.568843112130338
736,12.8,12.936880768465278,14.773017294193817,14.555116876190596
737,12.6,12.835540875819106,14.72490569973225,14.534126692337429
738,12.3,12.637932780987008,14.673823863903577,14.507808672878426
739,11.8,12.34133005921359,14.617039051690567,14.473543394662514
740,11.6,11.856267571493364,14.548884663152574,14.436076737265866
741,11.4,11.659679631356234,14.478046653650214,14.394844010652742
742,9.6,11.43657740976915,14.4045154116664,14.326330804892667
743,7.7,9.683771263900654,14.277654620840973,14.230950615389007
1392,4.8,5.3646068692346125,14.081043676299483,15
1393,8,5.127535682985655,15,14.86761522590066
1394,7.9,8.184303457790614,14.794026526871944,14.771151151002591
1395,7.8,8.080718240589748,14.595673802826878,14.6709431333661
1396,7.8,7.978250819000294,14.404257460900347,14.568894899248729
1397,7.8,7.971814866788603,14.22288108203938,14.465329324160667
1398,8,7.9676995058644335,14.050725348602539,14.36050765620087
1399,8.3,8.165795343388682,15,14.280959436799273
1400,8.7,8.535526535035379,14.838132031179006,14.293172850923007
1401,9.2,8.961297744704906,14.74299716263441,14.356334511175993
1402,9.7,9.48503458489127,14.714445339848327,14.446728230122243
1403,10.3,10.121999935463727,14.850844401276568,14.55223970582445
1404,10.6,10.510435679488559,14.819668580776368,14.64466576543624
1405,10.9,10.857731776134841,14.856886758214133,14.750021433221125
1406,11,11.053500097959523,14.815918040153669,14.810528007367392
1407,10.9,11.121382377956492,14.757957247781116,14.828196260264093
1408,10.7,10.997943777413546,14.679103890620608,14.79415834999174
1409,10.3,10.785523205381317,14.585312075494496,14.725122998120273
1410,9.9,10.394385042168311,14.482713311223332,14.650368355539891
1411,9,9.995849889902148,14.371477602234878,14.562491625593903
1412,8.7,9.128639345922162,14.234687638778723,14.470697496253218
1413,8.5,8.83496782564434,14.093792351377559,14.375793407975406
1414,9.3,8.648858955761,15,14.291855297306869
1415,9.9,9.449155538398548,14.821423386416175,14.250310368766817
2136,13,12.062257925543467,14.376000471860698,14.544957179663202
2137,13,13.02416972314232,14.355483462705918,14.515441604984916
2138,12.6,13.019104620229623,14.335132686290514,14.480209645833298
2139,12.2,12.627394101161785,14.305261166896955,14.439570950722446
2140,11.8,12.235962040497817,14.265709997451786,14.393555131823044
2141,11.4,11.844715163554358,14.216419176094867,14.342099039274808
2142,11,11.461885884465612,14.165194513313212,14.303373226756177
2143,11,11.098716151220836,14.12612831628916,14.31310574118226
2144,11,11.199053675515149,14.185122814483629,14.389667639175
2145,11,11.292805028721407,14.32964120801371,14.460588016269806
2146,11,11.327294118765375,14.496207227958982,14.59352714798127
2147,12,11.429088910998473,14.734792224281438,14.7175354185626
2148,12,12.405051685051607,15.001202735741987,14.85573720700596
2149,13,12.422133537456222,15.252157881422452,14.975887238552524
2150,13,13.32902635565141,15.462692766856286,15.0955331983586
2151,12,13.230848506632574,15.580740037704537,15.18724018830163
2152,10,12.145895611724226,15.57739437386266,15.212870070452519
2153,11,10.176948105637507,15.438287754628478,15.200814255869966
2154,11,11.103084658407779,15.318071468535788,15.142098776971613
2155,8.2,11.048264003894676,15.203781044270706,15.040951174300208
2156,8,8.383249657080414,14.996674974149968,14.937040732656955
2157,7.8,8.183049410274512,14.793295029194656,14.828513783153932
2158,7.2,7.977704470279478,14.593219696131607,14.711002191121944
2159,6.5,7.390234437934816,14.380839923905604,14.585207043627356
2856,9,10.107334352057698,14.899048154457574,15.512299056288882
2857,9,9.148444660468051,14.75834252991796,15.400075895253963
2858,8,9.130852805303846,14.623524264270609,15.272910108281527
2859,8,8.172424819744121,14.457942996444801,15.148652850534594
2860,8,8.166901305611733,14.29977721727735,15.022851142153195
2861,8,8.169346491702658,14.155625056634259,14.916472826818385
2862,8,8.175056224403164,14.027724197547384,14.832660675995221
2863,9,8.200186994726987,15,14.798548620151916
2864,10,9.214712490660403,14.875113354167338,14.847817687412128
2865,10,10.221110968959291,14.846250248151796,14.989722769672792
2866,12,10.409478147566407,14.971989657282782,15.174841439406071
2867,13,12.386482957568186,15.203761293187476,15.320627262840354
2868,14,13.377213125986144,15.462953768298787,15.483117772012132
2869,15,14.340459091193253,15.718589421015135,15.653015466723973
2870,16,15.277188766692298,15.941914248634738,15.829267839122096
2871,16,16.184154906889447,16.112599691695234,15.980626986675208
2872,16,16.107162458022753,16.2060696016933,16.109036226106205
2873,16,16.041834405328245,16.236680212673512,16.190180784541152
2874,15,16.001472865222354,16.24251630273364,16.20064474732165
2875,11.5,14.954281526170933,16.21791010477264,16.133398698956288
2876,10.2,11.592906682157768,16.093895990662375,16.050147738468194
2877,9.5,10.339696276274095,15.931256279604984,15.957540011963282
2878,10.2,9.674108185515875,15.751769380103235,15.875039961410131
2879,11,10.346999301623732,15.606679199564345,15.802371169473053
3600,14,14.430559652290798,20.274915487600985,20.772449618527528
3601,13,14.385528998396882,19.85817480265884,20.29763021036688
3602,13,13.440127205114731,19.394069784712872,19.852207266704784
3603,12,13.394065450829142,18.966629839430887,19.373345370855088
3604,12,12.454547179580826,18.49880106371205,18.937943967133613
3605,12,12.443113658815067,18.089202971857212,18.576882990560197
3606,12,12.433427359484938,17.730985848028727,18.277313163067586
3607,13,12.434513331753713,17.414516039060366,18.081021823351648
3608,15,13.417453293739385,17.252173008726512,18.030658141030955
3609,17,15.344199608973137,17.309522972151065,18.122120799992178
3610,19,17.285350487032495,17.54289500001975,18.343917375897146
3611,20,19.20262992891513,17.912981221074123,18.634104007959984
3612,21,20.154108861424433,18.312062877523267,19.02257595000785
3613,22,21.119297449267926,18.754092628324766,19.38628523829799
3614,23,22.04633470229468,19.197302297533547,19.76869751001462
3615,23,22.93407139895364,19.61930323918095,20.111638797426753
3616,23,22.896087218272232,19.946737459115614,20.413686052161722
3617,22,22.856224482899652,20.205538497884444,20.604445519972103
3618,21,21.91144575803388,20.354326379028063,20.674198437108593
3619,20,20.957637941546025,20.407567591531024,20.635856393886677
3620,19,20.008134513269578,20.392207942222928,20.53184254223244
3621,17.8,19.060824781350302,20.312826110174985,20.36569720419624
3622,15.8,17.914021311414405,20.156009677601595,20.09379643216073
3623,14.2,16.042052042596996,19.8646141482763,19.747303208677586
4320,16,17.11821550070645,19.1423286241722,19.149369849464367
4321,15,16.17275386934765,18.940272957683664,18.90330201635432
4322,14,15.225037225690269,18.679855715732455,18.614286214096733
4323,14,14.28784843974176,18.364359626609996,18.343845725067645
4324,13,14.26028735743929,18.079938389800375,18.043896744232324
4325,13,13.342768562767075,17.761448060740715,17.807758580620394
4326,13,13.34328834769597,17.490396035748642,17.631274207635037
4327,14,13.358446159706997,17.26177477164643,17.566281164065153
4328,15,14.317540406407385,17.165477064885906,17.578743100630216
4329,16,15.307093345473785,17.204082019081078,17.68705504751937
4330,18,16.31866072210441,17.355688254345907,17.949397679046022
4331,18,18.23405628496709,17.665475130717805,18.148212357202052
4332,18,18.26258630825697,17.963894332018576,18.325801427028413
4333,18,18.264064205514405,18.22802939938569,18.492791624812945
4334,19,18.251545066585816,18.437455523354103,18.708827170230403
4335,20,19.14971447746116,18.635400046700973,18.95178938648203
4336,17,19.970737255233054,18.824331184858178,18.976255034101666
4337,18,17.170441700661115,18.768012553025326,19.033134476521337
4338,19,18.086989952608125,18.76283827002359,19.09499923196016
4339,17.8,18.97972131436049,18.795206058108658,19.026242665684947
4340,17.5,17.85119303713812,18.744122107850636,18.928862335302252
4341,17,17.563083558940008,18.675733242809592,18.80900136156505
4342,16.2,17.084356700110675,18.577676468812488,18.650338302991067
4343,15.5,16.32894986679814,18.430669765742078,18.461478714161657
5064,17,18.207190533568998,21.437165209357122,21.547980684219098
5065,17,17.271154734146137,21.14582926869088,21.276395266456444
5066,16,17.238728679594683,20.876403998648417,20.96105230691661
5067,16,16.301003692511372,20.551688794981498,20.66538927435699
5068,16,16.279892104767082,20.25280928593619,20.388782639044877
5069,17,16.287951067769264,19.990715866288586,20.219015075368947
5070,17,17.216225074095497,19.84454139425314,20.109446539293643
5071,18,17.24349855917261,19.731928707795696,20.116217553186047
5072,19,18.227443045011682,19.748476854409848,20.201252912815047
5073,21,19.257648152835845,19.894723963844726,20.408225781942612
5074,22,21.196412439033057,20.207239499122426,20.67369855737954
5075,23,22.194425066618646,20.599039468537853,20.997271442913163
5076,25,23.19276771127942,21.04551300885709,21.419426213960495
5077,25,25.047247515837658,21.58726483528146,21.809968154519456
5078,25,25.04300313852362,22.04759195682908,22.175988484704916
5079,26,25.02443654727439,22.41467093677305,22.56084280372646
5080,26,25.898555461015352,22.759387252787473,22.9030245676474
5081,26,25.85789518404143,23.020270565982656,23.186707144488583
5082,26,25.848460837169366,23.239001125618078,23.401774180027335
5083,23.2,25.79342480522049,23.423332240708838,23.392895753809647
5084,22.2,23.19857733932588,23.40991366784796,23.324549238948837
5085,21.2,22.25375367458992,23.33460304101526,23.203113315180246
5086,19.2,21.290804005303443,23.197258707615465,22.972014085293846
5087,17.2,19.41011146814222,22.926703001631886,22.639042641596763
5808,17,17.110145834096876,18.82257449970894,18.962896028329535
5809,16,17.090140011746602,18.71509584238768,18.783490033181597
5810,16,16.15859741451659,18.54483892396179,18.617168710610635
5811,16,16.147851392134516,18.386412750302057,18.46081874730172
5812,16,16.137923810195858,18.23886331038217,18.31392608711349
5813,16,16.130585285919413,18.103062523573115,18.17929071507811
5814,15,16.129857718547093,17.99589691956792,18.03867858993367
5815,15,15.216561390534036,17.84284942496924,17.945364034893675
5816,15,15.233266236141146,17.72736710705036,17.907767117690565
5817,16,15.26226934872527,17.64435952984981,17.97361133270699
5818,16,16.19927464551767,17.655404297013618,18.063384070838282
5819,15,16.19604418531594,17.677042350592274,18.102881909366502
5820,15,15.272689158096815,17.630940450708174,18.139747101376337
5821,15,15.26133489220523,17.58289511314592,18.154591236358154
5822,16,15.255129396469533,17.525034717075634,18.193697748994275
5823,16,16.153864300889484,17.519422701930264,18.1820092108275
5824,16,16.12622985459299,17.488312287570704,18.119228805965335
5825,15,16.086587179378103,17.434933971376847,17.950083743574286
5826,15,15.142839501092503,17.300737014818733,17.762111959936185
5827,15.2,15.134485589754641,17.17209857965711,17.59526823814979
5828,15,15.310474677135542,17.06424941706393,17.427898728816256
5829,15,15.11799095428471,16.94821793119672,17.2726027066206
5830,15,15.110875379632834,16.838598615251808,17.127965319696603
5831,14.8,15.102348886501856,16.735064641311666,16.981230236150772
6528,11,12.08760582114998,16.248514248312848,16.227358375768304
6529,10,11.114440007233206,16.10896738155319,16.138452694542472
6530,10,10.155096334711029,15.941200307491572,16.04969299097586
6531,10,10.149656170727322,15.782037488062539,15.95954278448153
6532,9,10.13142833002467,15.630787269569797,15.85386909479126
6533,9,9.17249244041647,15.450657756174207,15.74818265970114
6534,8,9.160483837246305,15.28622896209179,15.64319662591148
6535,8,8.244607306211773,15.132832946718523,15.587775855744352
6536,9,8.344508565471202,15.075014307465247,15.579831037206771
6537,11,9.415036947943248,15.139577807467333,15.617452624072314
6538,13,11.36716626759121,15.279526294774914,15.747736857087855
6539,14,13.156870837894832,15.339867336871595,15.883637397975255
6540,15,14.127933466468939,15.418752040281657,16.03531183395981
6541,15,15.052368412883023,15.476819468683425,16.10225474846054
6542,15,15.197627075790535,15.669759872169232,16.216403619636143
6543,15,15.16316650656401,15.820860502538187,16.273528887458518
6544,15,15.059102622893741,15.86536011417676,16.292528897396704
6545,15,15.015730725216493,15.866534611139004,16.264167847565606
6546,14,15.000703141808915,15.864949935085145,16.218566676233582
6547,13.2,14.024850081864969,15.838993764317511,16.162815615341593
6548,12.8,13.24926501137455,15.791711855596533,16.10280219259692
6549,12,12.852517725958073,15.73412080735203,16.031775827542372
6550,11.8,12.080896738578177,15.654163504221314,15.959973589247543
6551,11.8,11.886174681376527,15.57080038022245,15.889957791674735
7272,14,14.041820595287474,16.111774309443838,16.046505108451274
7273,13,14.027556364450303,16.06534245553515,16.0054779463128
7274,12,13.051351781366595,15.993066546811452,15.949537080498901
7275,12,12.090095001633411,15.893574724183798,15.893507086000547
7276,11,12.074080576923874,15.798632077249307,15.82289214379916
7277,11,11.113826805267424,15.675609741631577,15.753374254763973
7278,12,11.123385383590954,15.558427550809931,15.696531178862754
7279,11,12.069593182356993,15.482973245917808,15.634514768975096
7280,12,11.13905610335272,15.394739097207857,15.62475767386779
7281,12,12.116824524455442,15.36342262651905,15.646918672587413
7282,12,12.277214805783402,15.48638081319761,15.710803814156312
7283,13,12.401490957012976,15.705044671964014,15.769666518267064
7284,13,13.361902959937812,15.935313831854197,15.834237226895027
7285,14,13.34017621449344,16.11525415813268,15.906076172003765
7286,15,14.239138788637446,16.237917748358072,15.972987376938526
7287,15,15.086046683259509,16.266732861666014,16.008852896290634
7288,15,15.022157257694696,16.234536762250034,16.004956205208114
7289,14,15.008082899091663,16.20373591011356,15.984670307837453
7290,13,14.029796940687582,16.149699725300056,15.950035406966483
7291,11.5,13.045040475318268,16.0702514983942,15.894360830834122
7292,11.2,11.603989940539197,15.947931867207863,15.834559358917842
7293,10.8,11.308118511100437,15.821921780742066,15.767959828490618
7294,9.2,10.896935766787047,15.688834024214051,15.677139886866641
7295,7.5,9.34201288258771,15.505923326889269,15.561583786534758
7992,5,5.263480438296252,15,14.096633747749038
7993,4,5.281853079515215,14.6484252371811,15
7994,3,4.3072969985450404,14.31169436824521,14.817735360367834
7995,2,3.3338942236164417,15,14.617165041437163
7996,3,2.429862102781734,14.533404887588379,14.465401290740171
7997,3,3.355953463242992,14.143693383752169,14.305076110066212
7998,2,3.3271266960279684,15,14.122482493763156
7999,2,2.416765118563226,14.516608536893118,15
8000,2,2.4027350458508314,14.107157996513672,14.815876958820885
8001,3,2.4127136815175967,15,14.668892251948858
8002,3,3.4099155763057247,14.613652951973025,14.581041263596532
8003,3,3.4017861331129113,14.26164595752381,14.495385143214657
8004,4,3.3994132362177893,15,14.412029970392519
8005,4,4.350825845307267,14.631859994736157,14.31965658171336
8006,4,4.39232994760914,14.341539896291653,14.229584513234892
8007,5,4.324334095711846,14.00471433174963,14.10688576853912
8008,4,5.244054156453224,15,15
8009,4,4.334238306285855,14.636234568255968,14.840777639475752
8010,4,4.319890332948171,14.295032014136929,14.676966102982348
8011,4,4.306577391652488,15,14.511250065479148
8012,4,4.334238306285855,14.619639652302096,14.37748625808859
8013,4,4.319239563070253,14.263978424483241,14.237278257420456
8014,6,4.33775292170254,15,14.118186818486123
8015,8,6.289616302864154,14.690554327001792,14.056101223556686
8736,7,8.152408540726041,14.240994157345991,14.466400808169352
8737,7,7.19360757194165,14.037959620468154,14.353885366204704
8738,7,7.186634386251637,15,14.238453051767236
8739,7,7.220225756395471,14.734480571585895,14.16216783199255
8740,7,7.210817161631319,14.485627680584082,14.080523218675328
8741,7,7.20209315854985,14.251948280442415,15
8742,7,7.193985592443908,14.066248050203756,14.861382077362379
8743,7,7.187602124943307,15,14.722362159748718
8744,7,7.222683169583828,14.753220640340572,14.630263189439061
8745,7,7.294541951900982,14.596970936003054,14.56641822923953
8746,8,7.245453018888225,14.396556929102301,14.527476550152878
8747,8,8.20033486516132,14.254935961955285,14.49735904463919
8748,9,8.209093002413125,14.122623794121557,14.480057355024593
8749,9,9.15051725096734,14.0248802197391,14.446134873576991
8750,9,9.134758015450636,15,14.384920147702955
8751,9,9.153551904586765,14.815766934492125,14.33351225380307
8752,9,9.1457650722358,14.640781485520668,14.275463293340522
8753,9,9.140174337769706,14.47585202571161,14.213724635733984
8754,9,9.13495455308002,14.320108055543596,14.149351256197791
8755,9,9.130070500998098,14.172782786793848,14.082197790827024
8756,9,9.125491397035418,14.03316404007369,14.013857387679636
8757,9,9.12118916985097,15,15
8758,9,9.151708844695497,14.834919092870607,14.91600767130446
8759,8,9.13342284960208,14.678391681820791,14.81623867022357
