0.0375,3.3967948867494866,5.918680012235787
9.241666666666665,6.325323892930914,6.304869837519768
10.329166666666667,8.405003026693425,7.038028803242128
6.779166666666665,8.782008943633729,7.515780339582419
8.554166666666665,9.688153528952142,8.125636815554879
10.262500000000001,10.867108918747128,8.950348224892746
7.795833333333332,11.119944378883575,9.541066717121634
8.245833333333334,10.657793658867387,9.84723944015944
4.916666666666667,10.301806462081178,9.967126223949817
3.6875,9.43934463976202,9.810052130412618
8.600000000000001,9.5072046001702,9.761174173986673
8.012500000000001,9.908666115322617,9.894164505468222
4.941666666666666,8.996031762838639,9.671741062942756
4.2125,9.267065847213575,9.608957341223343
6.2749999999999995,9.312484152340616,9.653234342155708
4.816666666666666,9.774706600639954,9.704117092797832
5.170833333333333,9.790428789845178,9.789993276052057
6.241666666666667,9.190546572102383,9.655934917994292
6.370833333333333,8.947204425423314,9.50342133849564
2.779166666666667,7.935091753741393,9.095253233595324
7.466666666666669,9.302263614327495,9.219490252102403
6.345833333333332,10.018078819693562,9.630969027792526
5.3625,10.18520718818138,9.764706211808365
3.2708333333333335,9.663067317873642,9.805440689724334
2.0541666666666667,8.617219803028215,9.486813502085688
4.058333333333333,8.845874292457843,9.403460642847234
2.291666666666667,9.655952213613045,9.626436950795261
5.258333333333332,9.96509950493428,9.85536999853206
11.541666666666666,11.308868160366352,10.358192412900507
12.829166666666667,13.018725554522936,11.211793288517788
11.65,13.165198375170235,11.758504025392897
4.05,12.228911935759266,11.876738883884729
4.795833333333333,10.526939363866333,11.546098241225588
2.8958333333333335,9.47710350963943,11.009955013217256
6.941666666666667,9.387706194707892,10.697953742309599
5.283333333333333,10.806608261657644,10.876305634684376
7.645833333333335,11.145740740165522,11.122257589489243
9.316666666666668,11.071205463727425,11.150758635070874
2.3833333333333333,9.758775297337797,10.732748160132465
8.466666666666667,9.889939413131275,10.489408816028151
8.408333333333333,10.854368421023642,10.762130522741819
6.8625,10.635697260219787,10.800677490562942
11.729166666666666,11.162040222166233,10.96601105783992
6.066666666666666,11.596065303745883,11.234800215448914
3.8375,11.631048073130998,11.441712906435365
4.2749999999999995,11.735655487318715,11.633980284820334
5.270833333333333,11.070084597518935,11.606739119828285
7.675000000000002,10.673338683557198,11.426162433999151
9.879166666666666,11.965519309570304,11.715600941761153
6.312499999999999,12.128748433008452,11.988633650480965
7.875,12.767788752512844,12.300347213805663
10.016666666666666,14.041956816896201,12.964346145917252
9.966666666666667,14.652238241773928,13.55873322270579
10.35,14.607680661582657,13.935706145750721
8.395833333333334,14.86635169180847,14.283195741562567
8.979166666666668,14.820212918834256,14.570319375186536
7.620833333333333,14.696412007027014,14.695223748297154
6.679166666666666,15.176601168701934,14.970897205317781
9.083333333333334,15.435729943635108,15.299447673070182
9.358333333333333,16.87683603847697,15.894138221790994
6.166666666666667,17.540404588556893,16.58344533696583
6.708333333333333,17.53579381872073,17.031340613610645
6.625,17.212166666724844,17.27277090346689
7.375,17.599899573116872,17.550422026928633
9.166666666666666,18.7049669578286,18.115363775367918
10.958333333333334,20.157575986934052,18.89702010854376
10.083333333333334,20.343828335945435,19.501137029872687
8.208333333333334,18.311899420756973,19.240934741296403
9.25,18.890742879708277,19.264752315713125
8.5,19.75687017463732,19.662310939036278
9.958333333333334,21.106105955411874,20.30032545243937
8.75,21.75952311168885,20.941607948844513
6.041666666666667,19.088143459667055,20.5801558787516
6.291666666666667,16.515190113644987,19.564799787626594
6.916666666666667,15.988340525746857,18.780507074727456
8.416666666666666,17.469190087741705,18.736333233370527
6.833333333333333,17.834226796144478,18.795474150438725
7.291666666666667,16.4288277760896,18.32640903837203
7.333333333333333,15.682007991184696,17.73806518520625
7.875,15.71378075400065,17.46354335154335
6.0,14.31099759311448,16.73400629185593
7.708333333333333,15.323827784084381,16.568556011778586
7.666666666666667,17.68944015386027,17.232019496682017
6.25,18.04409881407884,17.673771828842916
8.208333333333334,17.725640939460632,17.867617231440335
8.791666666666666,19.042500115464005,18.430999973733304
11.458333333333334,18.79381013644561,18.765654934193126
11.291666666666666,18.23043793855861,18.732188507010168
9.583333333333334,19.295585869100826,19.122017092539533
10.862499999999999,21.220135274132957,20.034305393641905
8.308333333333334,21.3724346744348,20.62025145020165
7.083333333333333,19.30759564640957,20.433769665328015
5.583333333333333,17.758784701810573,19.7601498735634
6.833333333333333,17.463856797882546,19.42161552908997
10.125,19.436469145602924,19.749346235336173
8.958333333333334,18.695562135539834,19.771687256405365
9.291666666666666,16.69291220850616,18.968092370310366
10.208333333333334,16.372613386290933,18.4221331015672
9.625,16.63239764606388,18.151525332388207
8.458333333333334,18.10192014447873,18.392566402424194
6.75,18.634641632563298,18.777053179006966
7.0,18.14663342759503,18.83100128049632
5.666666666666667,17.414055812824436,18.636237115133618
5.791666666666667,17.487984703368472,18.561061310088736
8.916666666666666,19.28571105786904,19.096895411451385
11.458333333333334,21.31573824210358,20.019639499377757
12.375,22.98664873912708,21.074782819272702
14.041666666666666,24.079600674135666,22.09889546871538
15.541666666666666,25.583961508462906,23.254979610479875
16.25,26.81090045753079,24.402343150794206
15.291666666666666,27.488135892468375,25.398398237122304
15.416666666666666,27.627392119313985,26.161661362841087
14.875,28.08104049914715,26.893348967658365
13.791666666666666,26.815637064153236,27.050441732219483
12.791666666666666,25.081000992246302,26.6616117131385
12.458333333333334,24.66492985176187,26.404146948714345
10.666666666666666,23.74452882089732,25.979484248387717
10.875,22.46537877595179,25.33454985977529
10.583333333333334,21.655700386906958,24.55637266672298
11.35,22.661344789245458,24.357505740591392
15.233333333333334,24.8858751911211,24.85581828960562
14.708333333333334,26.29891107833626,25.587752251998094
12.5,26.378624601887466,26.088272533228295
10.833333333333334,24.766961497945942,25.952667061641943
14.75,24.275382220708625,25.732583331469417
15.520833333333334,25.49835225994386,26.024187158797957
13.083333333333334,25.126651604588726,26.11938051108699
12.375,24.839025322911564,26.02270312948616
12.625,24.809825044873325,26.025113165003606
13.333333333333334,25.579209886521408,26.180467068680887
11.5,25.785930270143286,26.40761972647731
11.708333333333334,25.30374353307744,26.411447261017983
12.666666666666666,23.82671855142038,26.002749084180376
14.958333333333334,23.036143643166444,25.34028514565912
13.041666666666666,23.832143013763915,25.254962528300876
12.625,24.241689195112098,25.314177648299335
12.166666666666666,24.35711064963513,25.403302846595206
13.208333333333334,24.41059988248844,25.44145551169345
13.541666666666666,24.64269545765197,25.55023943051597
14.416666666666666,24.958378959023396,25.685810323522023
14.875,26.0907147018118,26.129720574727287
14.625,26.445916064166237,26.5380250082507
16.583333333333332,27.357824745102707,26.993152844917656
16.916666666666668,28.41777507196633,27.66527550417996
16.125,28.570231507956375,28.170979490173163
14.416666666666666,28.318857500828063,28.488906672121797
12.791666666666666,26.00758533731542,28.050536357847218
18.291666666666668,26.012537230145835,27.753539044154078
17.708333333333332,28.20857067408193,28.23640924946584
16.416666666666668,28.773350468517616,28.697879549495735
17.241666666666667,29.186400702425658,29.100742593184858
15.741666666666667,29.282674716066413,29.424771009620134
17.875,29.100623474176952,29.56842630672959
18.291666666666668,29.407669149145292,29.758775794444603
18.333333333333332,30.108873985349828,30.17949315111049
14.541666666666666,29.529912271136954,30.326783001495073
12.375,27.177818902073327,29.652267169009093
14.875,26.874524514568204,29.167339237258204
14.083333333333334,27.216145599473606,29.033989263556432
14.166666666666666,27.458102491266686,28.977994666607902
11.958333333333334,27.057248251127486,28.802077856806445
13.0,26.545775328936415,28.46818702149797
12.458333333333334,25.87898905231818,28.121583196334413
17.958333333333332,26.641757661132417,28.05236490218623
17.625,28.35518708494801,28.51544945503758
17.25,28.483357694112865,28.82271559254811
14.5,27.564787878427694,28.69643297071683
12.916666666666666,26.489792713376676,28.38357310511019
14.291666666666666,26.30633063968312,28.125947828787673
15.291666666666666,27.090189260593522,28.24792733903475
15.333333333333334,27.395957931685256,28.350898718425213
17.333333333333332,28.137398750902864,28.6124406957977
15.333333333333334,28.01595478175322,28.80051159979715
15.833333333333334,28.073951816497253,28.910924949097872
15.166666666666666,28.404743519153143,29.124294408784674
17.958333333333332,27.861713879218623,29.075873960089883
21.625,29.639519445205355,29.540926494445632
25.291666666666668,32.41691628719786,30.683843901942467
19.166666666666668,32.11993707682683,31.325681797145823
16.833333333333332,30.30800362511296,31.121920754665897
16.333333333333332,30.32255108180622,31.215775066581767
17.7625,30.2136155339265,31.241310492292936
20.625,31.235087074753924,31.555531950632542
18.541666666666668,32.25159307911206,32.09898398780843
17.166666666666668,31.459763058707946,32.12190015768109
17.541666666666668,31.15845069951823,32.13245933649304
18.458333333333332,31.46404758669809,32.300140871109974
16.25,30.43073473667415,32.12204315338614
15.166666666666666,29.102143192691035,31.59220231809273
16.166666666666668,28.746391829128708,31.177173066598574
15.541666666666666,27.964535873455322,30.674308212665675
17.666666666666668,28.459890315891688,30.39682804086929
16.875,29.16252717325639,30.476972562394252
14.791666666666666,28.426915266410898,30.248099178246235
16.791666666666668,28.73024401391437,30.144007809083757
18.958333333333332,29.960723805637162,30.472448175078167
21.0,30.192697193919106,30.71296388216429
18.25,30.457555812581216,30.935407033466387
16.708333333333332,29.571188469648988,30.842887221744192
17.458333333333332,28.396697934173247,30.430321937746797
18.416666666666668,29.134166444206723,30.40571174347323
15.458333333333334,29.462568993414717,30.54516646781865
16.25,29.151682141961995,30.486706002488187
18.833333333333332,30.054590723094307,30.708215976637906
21.583333333333332,31.520576378160893,31.245768174030385
20.5,32.02203313474194,31.726772915368482
21.166666666666668,32.40992845233085,32.210208003338956
22.333333333333332,32.88790070377532,32.63438155226973
24.083333333333332,34.387476347572836,33.367926202096676
22.625,35.05734325658064,34.05991959926303
19.333333333333332,33.399566240681786,34.08759013357698
20.874999999999996,33.05613131016201,33.989394108861326
17.583333333333332,33.054940703598206,34.060002689759465
19.75,32.940548689093276,34.02634535858426
19.875,32.98228203646337,34.08598090256836
18.208333333333332,31.550387411059916,33.666844520366205
18.416666666666668,31.3673193810851,33.32576532815394
19.5,31.950764404826444,33.322150203246345
19.541666666666668,32.369060664178285,33.36773927370093
19.666666666666668,32.561262969781936,33.451962433366596
21.208333333333332,33.230420988423596,33.66979014881421
20.333333333333332,33.07808006190501,33.83338588071475
18.291666666666668,32.50802651845361,33.69183907943064
18.5,32.31219862408377,33.5979982378885
18.958333333333332,31.28153271897259,33.259001194473576
18.958333333333332,30.29371874887688,32.69462409915912
17.625,30.295753190419152,32.30412867233883
16.791666666666668,30.879551177805315,32.26737309471422
17.833333333333332,31.17049864262452,32.22425610513696
17.583333333333332,31.553783231883486,32.383279156743995
17.958333333333332,31.263492558099454,32.37217786684844
19.041666666666668,30.109968824497923,32.01275547756083
22.125,31.028833375321266,32.00556020341265
23.208333333333332,33.16687509097693,32.66911037744247
19.625,33.20978834292081,33.133031771651126
15.75,30.29613905735278,32.48441572947319
16.208333333333332,28.554797691081692,31.629795303538554
18.208333333333332,28.436122874759565,31.100388810384345
16.75,29.029563669980423,30.876018928319485
16.916666666666668,29.82514975410898,30.955335297442403
18.291666666666668,30.716639804678465,31.217022319543958
17.833333333333332,29.37080859342933,30.930950557892242
15.5,27.21051700710486,30.042845290896498
18.425,28.069299584836113,29.7325251522327
17.875,30.19289991354403,30.275041358608274
18.333333333333332,31.03041536077062,30.720683286534634
16.916666666666668,30.901079668226362,30.99848766849492
17.125,28.634049077864493,30.50824949881286
16.875,28.281839856261417,30.051597064010053
15.208333333333334,28.26485498395748,29.899487893770573
15.708333333333334,28.15291034137042,29.72576995109145
18.833333333333332,28.233750490516627,29.600816680777253
18.083333333333332,28.715204215521506,29.63482683651525
19.833333333333332,27.854079670111343,29.400973922725626
14.375,26.57940480699833,28.754594570149433
15.083333333333334,26.781184077994634,28.44444165377793
15.125,27.26555492109439,28.45879944299351
16.591666666666665,27.439435381406664,28.450958302611102
18.233333333333334,28.870588488167808,28.855031327716976
10.512500000000001,28.16341788761406,28.926775927863833
12.441666666666668,26.09704732788114,28.339713436485297
20.066666666666666,25.553436103522344,27.771197680112476
19.833333333333332,25.799677783564196,27.501191966583175
15.083333333333334,25.806576135896375,27.276443833320215
12.208333333333334,24.583205929141105,26.785983386555603
11.3125,23.613786879274425,26.119640581047268
11.508333333333335,23.92957937990357,25.80620473538295
12.125,24.778082682583605,25.807076765554083
15.5,25.970371462506034,26.126150507280638
17.083333333333332,27.58128791791134,26.812509306640603
14.166666666666666,27.234708048777176,27.139116691635724
12.625,26.30538155304298,27.004962268665924
11.983333333333334,25.041969350886607,26.6788354054149
14.137500000000001,24.938208818682096,26.38487055932544
13.708333333333334,25.699704389291096,26.491786500942776
12.708333333333334,24.17289513169447,26.028106946998506
13.416666666666666,24.385326878945335,25.71524618071155
15.875,23.87526036633059,25.486061308281602
16.666666666666668,24.045130371037132,25.234457483862528
14.916666666666666,23.270174827837575,24.925946105401778
12.416666666666666,22.761646427872424,24.449683232295573
12.3125,23.615431905779257,24.444999020780518
12.958333333333334,23.490391239304603,24.380231748025732
12.25,23.696830679802158,24.380937928706356
11.291666666666666,22.5304622406548,24.046089401736594
10.666666666666666,21.3853459094717,23.48429003429482
10.458333333333334,20.718996831833632,22.9134501140831
11.166666666666666,20.147702520729297,22.395801161246457
12.5,19.189741201767596,21.691858334355036
12.125,18.839235557774792,21.086481309849873
13.041666666666666,18.78763543525601,20.647438824661048
12.791666666666666,18.42116732088391,20.188743648101077
11.541666666666666,19.014198310385346,20.002320110750535
12.5,18.674985456032108,19.85468506656687
13.958333333333334,18.26608308059177,19.517490891948736
12.958333333333334,17.759261829758575,19.13046975444533
12.75,18.007049708941853,18.948740803063874
9.041666666666666,18.574833997133727,19.003482844601407
11.458333333333334,19.142219996880076,19.22880064773143
14.333333333333334,20.52450788524501,19.790133312870513
13.666666666666666,21.663498512090527,20.467113818154164
13.291666666666666,20.332599260006855,20.502526465564912
14.75,20.533198366676917,20.570211341749253
12.258333333333333,20.923200570204628,20.831913463824275
5.483333333333333,18.9920666652046,20.40866913708579
6.870833333333334,15.987855252597889,19.249270549858156
9.316666666666666,15.324716163749876,18.28821412679772
10.041666666666666,15.209801550362677,17.654305496527133
10.583333333333334,14.788188204227202,16.999320097548587
10.5625,14.41911543261813,16.41085174779015
10.375,14.222186108326838,15.912099125072347
10.833333333333334,15.781744741045557,16.02781970312609
11.625,16.09179409110908,16.23346867726529
10.583333333333334,16.88867303724675,16.525001176244004
11.0,16.204330705797418,16.57313914059649
9.791666666666666,15.955575375589389,16.44153105607608
8.708333333333334,15.55799162376996,16.351274542349927
9.125,15.023619213284093,16.081311101575242
12.75,16.16404699993346,16.252032757417584
12.958333333333334,16.44246435326005,16.43656592550904
11.25,15.861901694463683,16.331778134614193
7.125,13.491950891200295,15.470693469366708
10.25,13.765919535680341,15.080560933490672
9.75,14.530240028937817,15.089533558072153
11.291666666666666,15.570569282614402,15.392293351331768
8.75,16.007049832163045,15.701763952935204
4.9125,14.590041914748637,15.476333529739632
5.3374999999999995,13.025843618434832,14.897506947508305
5.125,12.307455786282006,14.331769160763423
4.791666666666667,12.202306192008566,13.91062475664999
6.125,11.100605686231184,13.286063035001298
9.875,12.319598432409686,13.15843947548594
6.625,12.046744121627109,12.999280065475084
3.75,9.955130257065123,12.131578231106138
8.858333333333334,11.262342677686805,12.013210310886059
10.083333333333334,12.773867482340542,12.431988851417081
8.833333333333334,12.936422786696783,12.666954136021928
10.583333333333334,12.31058093821178,12.586125085495913
12.625,13.850797977478267,13.022567500420578
12.75,13.845355444733952,13.305021131131491
10.083333333333334,14.741519780034606,13.75783940312288
7.583333333333333,12.95240693725255,13.552197056336722
7.791666666666667,12.015008505440472,13.160489971343099
6.666666666666667,11.149155935992496,12.665412557570447
3.9583333333333335,10.731720415891758,12.225307941441331
2.75,10.270644004888839,11.766029018342152
1.9166666666666667,9.110090007024903,11.066646232030424
4.583333333333333,8.35189842045227,10.392604559803136
3.6666666666666665,7.954682756667417,9.81332995566141
2.8333333333333335,8.21355108187055,9.499549051297864
3.5,7.691002390837437,9.114392396773
3.7916666666666665,7.700055137740239,8.808281986618082
2.875,8.422366753120581,8.840600651686799
1.5416666666666667,7.855787794830327,8.643156829610442
1.7916666666666667,7.7017460229807915,8.473389922710911
3.9583333333333335,7.916897282674232,8.372200765604049
2.8333333333333335,7.807191632869884,8.340730462675877
7.958333333333333,7.694095145586594,8.107744375868997
8.208333333333334,9.313919554361282,8.577046189812714
7.375,9.770162079088038,8.944966991544478
11.458333333333334,11.727501199440896,9.791381434486999
10.666666666666666,12.143418037413914,10.501265769579268
8.5,11.970377937515826,10.854051898754534
8.25,11.118535187669655,10.934071927239968
8.041666666666666,10.379075039238097,10.748253842568795
