0.37083333333333335,5.2505296651551285,18.002857891674424
9.241666666666665,5.662780742081687,18.006007102405356
10.329166666666667,8.370857677172237,18.007315031263005
6.779166666666665,8.13557105064058,18.008907801241424
8.554166666666665,7.991213901776771,18.01381506256976
10.262500000000001,9.028834320368109,18.019373696965566
7.795833333333332,8.689114175026717,18.024529747646337
8.245833333333334,8.376821356563953,18.028313733736073
4.916666666666667,6.99128971172843,18.032302539062936
3.6875,5.1152142815214665,18.036190854508806
8.600000000000001,6.152355302884175,18.03797715117498
8.012500000000001,7.478461785978364,18.039246176289378
4.941666666666666,6.502911988250791,18.03962839404397
4.2125,5.342915010182755,18.0437280877975
6.2749999999999995,5.4539319462489315,18.04760632710015
4.816666666666666,5.367496028599334,18.051612141910827
5.170833333333333,5.238051613304081,18.05665223350601
6.241666666666667,5.668882835377391,18.05806923251875
6.370833333333333,6.103652582857184,18.05837554555679
2.779166666666667,4.763356340312044,18.058205599463445
7.466666666666669,5.305415971349606,18.062371933789645
6.345833333333332,6.337131683259101,18.067812347722295
5.3625,6.027326867715673,18.0722780395274
3.2708333333333335,4.92670848811646,18.077763905262543
2.0541666666666667,3.4013275723606244,18.081136037353044
4.058333333333333,3.3341702338532886,18.08578957402474
2.291666666666667,3.1428060062210488,18.093898135221313
5.258333333333332,3.816700548535005,18.1016223485143
11.541666666666666,7.774758245620859,18.10647802253324
12.829166666666667,10.763624191296522,18.112016061401008
11.65,11.668906597687617,18.115610519756
4.05,8.214170312604045,18.121240346886726
4.795833333333333,5.737284413270461,18.125851203668173
2.8958333333333335,4.2483517259005055,18.12785155737571
6.941666666666667,4.93557891380028,18.129772650353207
5.283333333333333,5.653370739354023,18.13570360733165
7.645833333333335,6.265566479297124,18.142133859518996
9.316666666666668,7.6354340529943485,18.143653929591853
2.3833333333333333,4.966072844184487,18.144374309598618
8.466666666666667,5.6430144507128155,18.14576146188597
8.408333333333333,7.426488676184879,18.149062073428183
6.8625,7.379300800353218,18.15171062709224
11.729166666666666,9.048140839045079,18.153549036056567
6.066666666666666,8.399405366004855,18.15787272354965
3.8375,5.991698958515975,18.16672746824922
4.2749999999999995,4.952803644776459,18.176207582802252
5.270833333333333,4.993776012982705,18.182334326192063
7.675000000000002,6.007560253275442,18.18440892287792
9.879166666666666,7.8469668788657465,18.18873163349575
6.312499999999999,7.461542077899735,18.19500645449997
7.875,7.351982457922627,18.203067141828665
10.016666666666666,8.53529868133905,18.213003608401653
9.966666666666667,9.42921190953298,18.221708796457534
10.35,9.784661660956138,18.229157306975804
8.395833333333334,9.472468258434981,18.237845775014026
8.979166666666668,9.056093849017737,18.2472693834062
7.620833333333333,8.604016063134333,18.255426772786546
6.679166666666666,7.607433327674784,18.26716844440705
9.083333333333334,7.897770683895026,18.27861199881965
9.358333333333333,8.91735725857144,18.291494503978107
6.166666666666667,7.737622638019349,18.3097006193858
6.708333333333333,7.101652897730539,18.32685427211931
6.625,6.726596115262342,18.342278046826745
7.375,6.920363665982909,18.3578008975557
9.166666666666666,8.263018231275067,18.374720243895386
10.958333333333334,9.698473600520355,18.393620245163934
10.083333333333334,10.401480761455089,18.411118735962553
8.208333333333334,9.208516881057722,18.421433958317078
9.25,9.23480016578162,18.43414848373753
8.5,8.49494293023552,18.452891097939958
9.958333333333334,9.461358625499777,18.472765704173508
8.75,9.715427054027947,18.493718001187442
6.041666666666667,7.660185393383547,18.507570472202822
6.291666666666667,7.0717410490479,18.513405062531817
6.916666666666667,6.945087713061877,18.52029807593166
8.416666666666666,7.439663996040017,18.533650258590306
6.833333333333333,7.664608046342317,18.547502237475722
7.291666666666667,7.550375675755663,18.555810397721512
7.333333333333333,7.306751453530862,18.56251679504805
7.875,7.990053732510166,18.57028059709318
6.0,7.256594587747163,18.57447364206877
7.708333333333333,6.850665112181505,18.58458307193244
7.666666666666667,7.96098618281204,18.601143754141635
6.25,6.918018771430753,18.61867290730045
8.208333333333334,7.304132009036647,18.632590988086644
8.791666666666666,8.371767981039122,18.64935418971854
11.458333333333334,9.755222233388539,18.662730604022787
11.291666666666666,11.024406619530659,18.67003825470807
9.583333333333334,10.400446760512096,18.6847965700745
10.862499999999999,10.801463893461822,18.705078655421232
8.308333333333334,9.085102954919988,18.726165775437668
7.083333333333333,8.6656286946149,18.739219320972694
5.583333333333333,7.030526878531048,18.748810311297927
6.833333333333333,6.385992658361517,18.761363094551633
10.125,8.175661576385327,18.777156941993326
8.958333333333334,9.204138934976505,18.7896799651034
9.291666666666666,9.124657514353386,18.793725307744385
10.208333333333334,9.593193579065062,18.798547379209825
9.625,10.108735720287255,18.804826879781277
8.458333333333334,9.414630014468203,18.818227353833233
6.75,7.805544414160356,18.835509975599965
7.0,7.186065339669333,18.849541862287204
5.666666666666667,6.608706940778107,18.860940653725667
5.791666666666667,5.898816966423817,18.874851455527548
8.916666666666666,7.309451860927218,18.893298457512216
11.458333333333334,9.616196089858391,18.913924591176585
12.375,11.59451065108779,18.935292708488944
14.041666666666666,13.009713916084474,18.95708639762753
15.541666666666666,14.773303376579905,18.979607884077684
16.25,15.951739187751848,19.002676428552057
15.291666666666666,15.996039070696549,19.02588046232998
15.416666666666666,15.518331222977038,19.048818909291903
14.875,15.817611975002281,19.071756918108793
13.791666666666666,14.956368115323164,19.090566047276067
12.791666666666666,13.682472563765083,19.104616444280047
12.458333333333334,12.912170890318995,19.120130453284613
10.666666666666666,12.086322024155692,19.134570889664555
10.875,11.278134576645023,19.14704652774689
10.583333333333334,10.819192498339971,19.156881959517523
11.35,11.203959642179184,19.171751768014197
15.233333333333334,13.125657761398417,19.191679145160837
14.708333333333334,14.502409455223068,19.213030742324772
12.5,14.152266731729659,19.2339713460446
10.833333333333334,12.092785450493587,19.251499758132166
14.75,12.959040760143678,19.26515003002153
15.520833333333334,14.528136502964843,19.28232863647766
13.083333333333334,14.452348260314933,19.29841618288764
12.375,13.370272270041339,19.31467725766537
12.625,12.67627322226496,19.332532986117116
13.333333333333334,13.122453005692092,19.350875927691746
11.5,12.629101843486644,19.37138022292172
11.708333333333334,11.693560039879378,19.39103343900225
12.666666666666666,12.416880720467743,19.40415591007509
14.958333333333334,13.300444451683816,19.412521410055245
13.041666666666666,14.01892487982704,19.425373213161404
12.625,12.90998600637563,19.44238714160711
12.166666666666666,12.677254795360744,19.459395548756543
13.208333333333334,12.85359430901533,19.475390501471967
13.541666666666666,13.18364951328448,19.491701888343552
14.416666666666666,13.672051191450711,19.50783133400832
14.875,14.510286394615262,19.526765940850346
14.625,14.61243713373952,19.546269040344907
16.583333333333332,15.517531757699736,19.565686042156656
16.916666666666668,16.580822516623222,19.587054454746408
16.125,16.48746318865254,19.608068998880537
14.416666666666666,16.04787716866418,19.627968755328848
12.791666666666666,13.923203579433784,19.643345429689216
18.291666666666668,15.420979804323522,19.65573551720434
17.708333333333332,17.648880102009155,19.673353161594157
16.416666666666668,16.762880680858448,19.694661580384306
17.241666666666667,16.863937670249534,19.715691125835093
15.741666666666667,16.345203343974443,19.736737682645874
17.875,17.07735021536414,19.754830598881796
18.291666666666668,17.766384960135866,19.772887031473783
18.333333333333332,18.16226754189466,19.794106775549007
14.541666666666666,17.253546361806357,19.813959860685397
12.375,14.404339984970479,19.82897782101889
14.875,14.184988965830597,19.84401930023927
14.083333333333334,14.260452230370037,19.86183842797207
14.166666666666666,14.178437076243362,19.880741960022153
11.958333333333334,13.51472440193613,19.899120433720288
13.0,12.881270069568222,19.91673602527126
12.458333333333334,12.91712412630123,19.93265162105135
17.958333333333332,14.87793412885532,19.94768430166398
17.625,16.703592866285423,19.967032955958324
17.25,17.581912174366426,19.984709745053937
14.5,16.606734147680353,19.999968301731624
12.916666666666666,14.487384714802964,20.01635435919255
14.291666666666666,14.118455279147712,20.03242685259765
15.291666666666666,14.603365746254942,20.051104769078478
15.333333333333334,15.054768837041463,20.069050471580507
17.333333333333332,16.223896291976356,20.086987890766913
15.333333333333334,16.15218009294646,20.10526477974545
15.833333333333334,15.789933121454425,20.123840403829437
15.166666666666666,15.630635528054308,20.14393031419577
17.958333333333332,16.173219280940508,20.160612364579883
21.625,19.424463127759036,20.178230428559665
25.291666666666668,23.08470186075573,20.200614552696976
19.166666666666668,23.109101559066616,20.219673150034264
16.833333333333332,18.598404207138206,20.23786371288171
16.333333333333332,17.255205691204203,20.258957273734435
17.7625,17.0582005918448,20.27906501064397
20.625,18.83200744598106,20.29977798452872
18.541666666666668,20.322058545121283,20.321735690128307
17.166666666666668,18.277729591951,20.342944283198833
17.541666666666668,17.481071209968903,20.363911481323875
18.458333333333332,18.225703005153736,20.384640694089182
16.25,17.736377674938726,20.402904320998417
15.166666666666666,16.4989207088177,20.419091007632083
16.166666666666668,16.06737870835076,20.435820767488003
15.541666666666666,15.935162141254667,20.450604672876725
17.666666666666668,16.571543371407802,20.46585567530174
16.875,17.08305423489932,20.484351924636567
14.791666666666666,15.98636150154036,20.5016491271474
16.791666666666668,15.956175208059241,20.519920679660885
18.958333333333332,17.508483554316083,20.540325339486724
21.0,19.49329686627061,20.55750926321579
18.25,19.7888010481585,20.575189106799378
16.708333333333332,18.351883444299265,20.592870460390834
17.458333333333332,17.621745114352823,20.606936660660715
18.416666666666668,18.016359509219935,20.623424374507643
15.458333333333334,16.990970397069855,20.643753992169977
16.25,16.079928864919264,20.663426328852303
18.833333333333332,17.335345950032366,20.683506324135802
21.583333333333332,19.869847595951033,20.703111750204965
20.5,20.335278457916253,20.724024844021805
21.166666666666668,20.953791281416063,20.74512744231467
22.333333333333332,21.461584654254498,20.765583053635112
24.083333333333332,22.903228773451314,20.78822360759153
22.625,23.22886657305806,20.811705324641526
19.333333333333332,21.509192025537747,20.831384329887225
20.874999999999996,20.597165956839937,20.85097467430088
17.583333333333332,19.13819587070685,20.87357167985959
19.75,18.94820110670428,20.89558757356321
19.875,20.171542068139676,20.91581473783784
18.208333333333332,19.279065258252203,20.93253840946249
18.416666666666668,18.690405499997155,20.950429226727966
19.5,19.026744889624165,20.970880645166762
19.541666666666668,19.208959056711425,20.99163205994541
19.666666666666668,19.604934209346894,21.012427123367633
21.208333333333332,20.409796660575672,21.033998136669783
20.333333333333332,21.00630890703177,21.054356542108895
18.291666666666668,19.79671300368,21.073794438766456
18.5,18.91258523168366,21.09489534049178
18.958333333333332,18.902056172268995,21.112138091227028
18.958333333333332,19.201510057273534,21.125360629724714
17.625,18.320081313524344,21.142072445377107
16.791666666666668,17.524453540394884,21.163271804328186
17.833333333333332,17.397958409431382,21.183981965119724
17.583333333333332,17.81788376943683,21.205859556130967
17.958333333333332,17.92474734255089,21.226160296602206
19.041666666666668,18.203923481401855,21.241923228906675
22.125,20.013175229916797,21.258008504915924
23.208333333333332,22.071615335853892,21.280392778783867
19.625,22.34360251634303,21.30165434406841
15.75,18.6492429005346,21.316943790076568
16.208333333333332,16.92077301476311,21.330327588937003
18.208333333333332,17.43372434169638,21.343474119332498
16.75,17.303185168906104,21.360274814764782
16.916666666666668,16.8526809547093,21.381466839900217
18.291666666666668,17.66673930010373,21.40309000114199
17.833333333333332,18.064077303600946,21.4182089686408
15.5,17.345787011469582,21.42754061121654
18.425,17.190385814787078,21.443284414436032
17.875,18.134132285937337,21.4660038357358
18.333333333333332,18.194209642329433,21.4887944525754
16.916666666666668,18.028002120370854,21.510296992528612
17.125,17.437218902892088,21.524547405643634
16.875,17.238462837551875,21.538343738732042
15.208333333333334,16.155111075277656,21.556463044619647
15.708333333333334,15.579770543583315,21.574578010780105
18.833333333333332,17.110042756550783,21.58990876447443
18.083333333333332,18.162121054806807,21.60586074731873
19.833333333333332,18.875053565671536,21.618555434748952
14.375,17.424746230730914,21.62869358848464
15.083333333333334,15.219471914163847,21.645754482369785
15.125,15.388886229892217,21.663731527920618
16.591666666666665,15.907848245211873,21.68079523657343
18.233333333333334,17.329402914542428,21.700709950824205
10.512500000000001,13.886161183721574,21.722212802212212
12.441666666666668,12.781760598832264,21.738000495838957
20.066666666666666,15.965270719365948,21.747291734432675
19.833333333333332,18.475377813640804,21.755439423281995
15.083333333333334,17.524204703860878,21.766862796862906
12.208333333333334,14.865006252652883,21.780131103779826
11.3125,12.923655194947179,21.792745373880276
11.508333333333335,11.875664046293172,21.808952914983674
12.125,11.816405724755114,21.827524892589327
15.5,13.68195945214566,21.84711165495331
17.083333333333332,16.20387238512498,21.867961726310615
14.166666666666666,16.316124651143376,21.88622408682033
12.625,13.643294132376264,21.90429383215624
11.983333333333334,12.841882448245164,21.919800626183456
14.137500000000001,13.291990394868028,21.93422198516684
13.708333333333334,13.839156826638854,21.95215996015175
12.708333333333334,13.538721713232993,21.964489966762446
13.416666666666666,13.290311224317515,21.978217746675824
15.875,14.453280159446841,21.990056398064482
16.666666666666668,15.739377132245322,21.998943527157902
14.916666666666666,15.91200262725963,22.008228199503165
12.416666666666666,13.951859778642458,22.018507509899177
12.3125,12.833298437178302,22.034575874767338
12.958333333333334,12.907758626084695,22.049062975863794
12.25,13.006585929524725,22.063817683535493
11.291666666666666,12.070235956884458,22.076772192684285
10.666666666666666,11.454883140136724,22.086955308270205
10.458333333333334,10.791213617459427,22.09696464364545
11.166666666666666,11.015632849285268,22.10586415988359
12.5,11.568794142198207,22.110597514012824
12.125,11.970861345898848,22.115168111759115
13.041666666666666,12.367786004410648,22.12046108320979
12.791666666666666,12.737276279635346,22.124404113923163
11.541666666666666,12.100251237455986,22.13243422693269
12.5,12.184286410698116,22.140326988212056
13.958333333333334,13.150475985973296,22.143301726355663
12.958333333333334,13.183960015354593,22.146317700767145
12.75,13.194619770949892,22.151222474913
9.041666666666666,11.183185410514186,22.162016351682357
11.458333333333334,10.546848651806512,22.17547334968791
14.333333333333334,12.407882386550051,22.18858555535896
13.666666666666666,13.69483115225046,22.20260320341571
13.291666666666666,13.325209019855434,22.21219102909026
14.75,13.95983509633596,22.220162867937884
12.258333333333333,13.662477435957122,22.232069023712356
5.483333333333333,9.02449999675998,22.243091397730836
6.870833333333334,7.138037664811819,22.2471668583056
9.316666666666666,7.959237425089349,22.248639112569663
10.041666666666666,9.100681719493634,22.250697666034394
10.583333333333334,9.818482555357518,22.251084888473912
10.5625,10.293885078393181,22.251209817283485
10.375,10.475030413370362,22.251584839876298
10.833333333333334,10.649786783192058,22.25814480214805
11.625,10.929907922874172,22.265471214471457
10.583333333333334,10.95541002464497,22.273779576451858
11.0,11.066584594505096,22.2799666941637
9.791666666666666,10.762170540420106,22.28490966018614
8.708333333333334,9.565016333162008,22.29223727775557
9.125,9.15573154118915,22.297066118534584
12.75,10.65908487727601,22.303237624250162
12.958333333333334,11.845817593456148,22.308403899769903
11.25,12.239796807331343,22.31064798144215
7.125,8.936702987282919,22.310321416523028
10.25,9.289835157681411,22.311587316181143
9.75,9.462469574878764,22.317143247123283
11.291666666666666,10.395143839456873,22.324258483168308
8.75,10.47905229614153,22.332344538264085
4.9125,7.608918923509606,22.340198173780177
5.3374999999999995,6.050420895524013,22.34509500767022
5.125,5.908469290915296,22.348227900834953
4.791666666666667,5.35589468787393,22.35327306342188
6.125,5.231594258944589,22.35508263473105
9.875,7.623540300663073,22.356705960989242
6.625,8.206421738861364,22.358317620550267
3.75,5.9182339104429245,22.356605102005712
8.858333333333334,6.76961422983624,22.359354210095365
10.083333333333334,8.513535107572077,22.36467334536465
8.833333333333334,9.121482199116334,22.368745351527235
10.583333333333334,9.3811192172549,22.369982957953727
12.625,11.54330801838752,22.372658380423534
12.75,11.871585378328126,22.375315247013386
10.083333333333334,12.045082278460411,22.37982963478956
7.583333333333333,8.953609978000928,22.383698455998033
7.791666666666667,8.673290150824561,22.383637782584433
6.666666666666667,8.02115859689137,22.383201651362757
3.9583333333333335,6.017947573227399,22.38561712976595
2.75,4.253427806542797,22.388973919631525
1.9166666666666667,2.8661978694429515,22.390036090514958
4.583333333333333,3.415933547277764,22.3881991103497
3.6666666666666665,4.002677945342932,22.385542153606508
2.8333333333333335,3.6658641338735394,22.386910064963164
3.5,3.3388698574745805,22.38718041418873
3.7916666666666665,3.636984827574725,22.38653401196737
2.875,3.6947942262091025,22.38955333957756
1.5416666666666667,2.193549597732784,22.39283435644953
1.7916666666666667,2.4480149984260424,22.394355318529545
3.9583333333333335,2.4020382276326298,22.397631778481337
2.8333333333333335,3.936034647549771,22.398059134453764
7.958333333333333,5.120502262874353,22.395499259152814
8.208333333333334,7.462186687590882,22.396011831495333
7.375,7.323018676516789,22.398587374946327
11.458333333333334,8.92336087166275,22.403951339229454
10.666666666666666,10.359828238816087,22.407045919251217
8.5,9.793809292967735,22.409503277356745
8.25,9.04616141581048,22.411123513491876
8.041666666666666,8.558995821968642,22.409973915590253
