0.37083333333333335,14.93839543348732,15.01303213381931
9.241666666666665,14.8607744284102,15.092226129250728
10.329166666666667,14.826074938104108,15.208614479985899
6.779166666666665,14.782444856436816,15.335476982958326
8.554166666666665,14.734828338169713,15.482708001338166
10.262500000000001,14.708131809939632,15.658854729044075
7.795833333333332,14.678795015390032,15.837259485038532
8.245833333333334,14.646254680983233,16.008714205465726
4.916666666666667,14.605074201902584,16.140259893037225
3.6875,14.547414284689467,16.243415682610863
8.600000000000001,14.509361068212229,16.288670765743525
8.012500000000001,14.490144634913854,16.259481595986255
4.941666666666666,14.45240170263601,16.14794129439785
4.2125,14.399263505457881,15.965854644943962
6.2749999999999995,14.351863978616622,15.765025152415646
4.816666666666666,14.30130835624697,15.52312538224947
5.170833333333333,14.244908205032162,15.286935388491441
6.241666666666667,14.19256399011565,15.043302305663369
6.370833333333333,14.142319436374228,14.781697899623616
2.779166666666667,14.073244278549426,14.517145729430224
7.466666666666669,14.007777401648646,14.268067053629018
6.345833333333332,13.955790232084624,14.10040713183549
5.3625,13.891863540068131,13.985017157814527
3.2708333333333335,13.817068815111567,13.954960220569545
2.0541666666666667,13.729857475751222,13.990104980030864
4.058333333333333,13.65060111262256,14.084729236292302
2.291666666666667,13.57596795365068,14.248285502242288
5.258333333333332,13.510390374946056,14.487459654407658
11.541666666666666,13.489925862118739,14.748858955580772
12.829166666666667,13.503497083175036,14.997559908449738
11.65,13.520350030884815,15.203708959541073
4.05,13.502389560989869,15.345596171434062
4.795833333333333,13.45910067808356,15.44955800685612
2.8958333333333335,13.41356097027797,15.471893330242523
6.941666666666667,13.379744626006714,15.41778482851862
5.283333333333333,13.354403071849818,15.281520313719968
7.645833333333335,13.330423815302545,15.124043899176703
9.316666666666668,13.319969248299373,14.90031672627506
2.3833333333333333,13.280635939852887,14.611330609249974
8.466666666666667,13.238275623693553,14.274452056253551
8.408333333333333,13.216204443326383,13.928193586376267
6.8625,13.17973689629361,13.588799644325979
11.729166666666666,13.154099766223323,13.274259229069884
6.066666666666666,13.119949524753258,12.998076606349862
3.8375,13.05100779674621,12.822113385887638
4.2749999999999995,12.976178708476553,12.781236366493545
5.270833333333333,12.909062695256507,12.866572546729545
7.675000000000002,12.859018767335323,13.023102916797718
9.879166666666666,12.832317802081674,13.22587488533427
6.312499999999999,12.801516833008252,13.485357530846601
7.875,12.769584335535894,13.78264834267295
10.016666666666666,12.760203350270984,14.127150686204901
9.966666666666667,12.7652887235158,14.483611871097487
10.35,12.774235600640646,14.816053009091549
8.395833333333334,12.782719959637056,15.09321698932392
8.979166666666668,12.788693894250072,15.32323628746284
7.620833333333333,12.795853266902599,15.476758746784563
6.679166666666666,12.79480972009882,15.55173556493706
9.083333333333334,12.801714532732012,15.580807030566993
9.358333333333333,12.821782497951233,15.532887538489517
6.166666666666667,12.822539633484418,15.468519044702136
6.708333333333333,12.815573420365398,15.404496684004146
6.625,12.806653776118173,15.333053353071314
7.375,12.800475346920123,15.247312822602902
9.166666666666666,12.808594257437386,15.166151531347403
10.958333333333334,12.825227600704999,15.099727143620433
10.083333333333334,12.844738932084743,15.063944001629876
8.208333333333334,12.849236607990894,15.016634848317223
9.25,12.855435437847555,14.923314870991234
8.5,12.852004245862288,14.863804369351753
9.958333333333334,12.861004170361499,14.853182403254527
8.75,12.870803473780407,14.906738975262025
6.041666666666667,12.857743984760956,15.00602550594067
6.291666666666667,12.842050714723792,15.060403226380457
6.916666666666667,12.827953306155232,15.042179472383403
8.416666666666666,12.820532356601234,14.991136951369413
6.833333333333333,12.816494342112003,14.94944903663268
7.291666666666667,12.807122652614568,14.88803251190558
7.333333333333333,12.792954571711773,14.76612659570089
7.875,12.788207960191068,14.614123319364042
6.0,12.76769191125478,14.411781404843888
7.708333333333333,12.740595209134147,14.182246004141108
7.666666666666667,12.730090630693324,14.007633830403423
6.25,12.701200316262087,13.927394024191097
8.208333333333334,12.678028936903848,13.931419791198579
8.791666666666666,12.66844890693467,13.998999804435641
11.458333333333334,12.67201390185359,14.154693269664461
11.291666666666666,12.690693652543734,14.301577960771867
9.583333333333334,12.698085821224803,14.445656407476468
10.862499999999999,12.716255714960768,14.651942688394875
8.308333333333334,12.717790941578954,14.92389608097323
7.083333333333333,12.721754066163186,15.231220833491998
5.583333333333333,12.711524841967481,15.465455987591751
6.833333333333333,12.70325587000701,15.652345043964722
10.125,12.722661011013358,15.776848188105701
8.958333333333334,12.749384625609444,15.866771328630646
9.291666666666666,12.768699298147796,15.820984589694293
10.208333333333334,12.792280293147366,15.629657712960347
9.625,12.816499568807274,15.316262804528591
8.458333333333334,12.823581519601072,14.928394913601267
6.75,12.811451368475614,14.570589717575146
7.0,12.790791353568844,14.256287428602583
5.666666666666667,12.763219494593363,13.977214237964944
5.791666666666667,12.723990346473917,13.7552449083282
8.916666666666666,12.699608657473,13.637051056400063
11.458333333333334,12.696427090308916,13.656177552692048
12.375,12.710032496610394,13.812202716880243
14.041666666666666,12.733280289910667,14.095171632472095
15.541666666666666,12.777237031777828,14.486691282436228
16.25,12.835277194296866,14.96369919812357
15.291666666666666,12.89991783492986,15.496710170550974
15.416666666666666,12.965605468890045,16.052832364224155
14.875,13.0436796548276,16.597390231606475
13.791666666666666,13.117428585525921,17.08874971291967
12.791666666666666,13.184649290246297,17.445313005166515
12.458333333333334,13.250588323726179,17.647876714731037
10.666666666666666,13.310532352388643,17.689954121924703
10.875,13.360056909780049,17.569073933397117
10.583333333333334,13.403551914599676,17.264466389649584
11.35,13.444643311055039,16.817156367666932
15.233333333333334,13.495366582829291,16.311122479370873
14.708333333333334,13.550195519921212,15.801510265919042
12.5,13.588227496506777,15.329196727804161
10.833333333333334,13.59573912602343,14.917694788723589
14.75,13.610393349635794,14.55947135122287
15.520833333333334,13.635812783693815,14.277113739413616
13.083333333333334,13.65350309544006,14.115601326120085
12.375,13.65393693073378,14.058368586381441
12.625,13.651006971543652,14.145549670672674
13.333333333333334,13.658283695051866,14.360906048007456
11.5,13.665132075279677,14.715014270941902
11.708333333333334,13.667569855985887,15.185764010123231
12.666666666666666,13.690279409419508,15.721700123054864
14.958333333333334,13.727080275083452,16.211424569401665
13.041666666666666,13.776447654288411,16.632678639986498
12.625,13.814793256526295,17.001516571196117
12.166666666666666,13.859486992215414,17.316514442676922
13.208333333333334,13.909411572708656,17.546379985751642
13.541666666666666,13.964796569268671,17.680408334619703
14.416666666666666,14.024208916735772,17.709301936684145
14.875,14.090274420525773,17.643563187672633
14.625,14.152769197658968,17.51340778885174
16.583333333333332,14.218937802844044,17.321442415257398
16.916666666666668,14.289821621410333,17.099878149022782
16.125,14.351714282707112,16.870286567872615
14.416666666666666,14.404887582636569,16.646328655507492
12.791666666666666,14.428373717367592,16.432349205621463
18.291666666666668,14.469192261818847,16.20074125331587
17.708333333333332,14.529895883736721,15.980479395619108
16.416666666666668,14.569802567158414,15.836418143367515
17.241666666666667,14.608230688829927,15.790843093068816
15.741666666666667,14.643556754917183,15.84664193512098
17.875,14.685574257317024,15.998219633080959
18.291666666666668,14.735684307451491,16.204118668449613
18.333333333333332,14.790252836433709,16.48464716470988
14.541666666666666,14.840273739287944,16.827700227731746
12.375,14.862446646501771,17.18706682437515
14.875,14.894326215490736,17.51930866195261
14.083333333333334,14.936068681146923,17.826392521035377
14.166666666666666,14.979419146380925,18.103403286856054
11.958333333333334,15.019772643588807,18.34002658652725
13.0,15.053180679002585,18.51358981199704
12.458333333333334,15.09310395580985,18.61354938076217
17.958333333333332,15.1533309718823,18.609843380548266
17.625,15.22782821190593,18.52453593143719
17.25,15.302900996374825,18.38430220005074
14.5,15.358280992868009,18.16364413756584
12.916666666666666,15.386499340677007,17.898052322000815
14.291666666666666,15.411247877887227,17.605082516928928
15.291666666666666,15.440254115249497,17.324499375899848
15.333333333333334,15.468359978973531,17.08645981675984
17.333333333333332,15.503988638522578,16.893484083345776
15.333333333333334,15.532317024224945,16.772411565277064
15.833333333333334,15.552829416716433,16.72500377826366
15.166666666666666,15.57407305388135,16.77366611117944
17.958333333333332,15.598466031387838,16.912501385221976
21.625,15.656909557756059,17.09873372632671
25.291666666666668,15.747239271148894,17.359369135072974
19.166666666666668,15.839110640376882,17.680007114124994
16.833333333333332,15.881306094803422,18.00698662348378
16.333333333333332,15.926452494128503,18.363940803579787
17.7625,15.976012741137529,18.73361726292094
20.625,16.048394779829863,19.08847104146544
18.541666666666668,16.139630201656328,19.415415200322606
17.166666666666668,16.204699973355474,19.69726974670621
17.541666666666668,16.27126575562217,19.91861102126798
18.458333333333332,16.350885085058696,20.070146159071886
16.25,16.42120739754475,20.135650457454275
15.166666666666666,16.47505924218241,20.090172541933168
16.166666666666668,16.5255127253394,19.943379473353968
15.541666666666666,16.57400256385119,19.709921017532775
17.666666666666668,16.62496474709859,19.38428560437462
16.875,16.67367134840384,19.027448518205684
14.791666666666666,16.701247584932442,18.667074457681945
16.791666666666668,16.722718934273704,18.327960605824725
18.958333333333332,16.757351150889274,18.0553305872109
21.0,16.804908402608415,17.862363805145353
18.25,16.847719044533545,17.733367742949696
16.708333333333332,16.867424128378758,17.700781015543487
17.458333333333332,16.88282535272116,17.749266578338833
18.416666666666668,16.908534644121044,17.86298981968068
15.458333333333334,16.925916495458484,18.080506276693047
16.25,16.936635134841246,18.39672998852996
18.833333333333332,16.969258245066815,18.78960667176464
21.583333333333332,17.035577854881627,19.23201529360172
20.5,17.10372986833683,19.688517093711937
21.166666666666668,17.182160365548185,20.147379736988288
22.333333333333332,17.26894381491155,20.5678461560893
24.083333333333332,17.375256808270816,20.936270673524334
22.625,17.485533925085587,21.245458173620197
19.333333333333332,17.577700569621037,21.473039379953548
20.874999999999996,17.660046162883216,21.578944528277958
17.583333333333332,17.736775649335502,21.59813240715788
19.75,17.80618458026819,21.540707750740257
19.875,17.88850844841524,21.409291742675148
18.208333333333332,17.952850226949746,21.18777335045059
18.416666666666668,18.006355452318278,20.882888929085713
19.5,18.059437432649784,20.55262409343867
19.541666666666668,18.10738055976372,20.223865337144794
19.666666666666668,18.152750772920683,19.930017243493033
21.208333333333332,18.1990323597089,19.6886374447241
20.333333333333332,18.247412125321308,19.528673091709933
18.291666666666668,18.277061309931742,19.43616060046951
18.5,18.297252768326697,19.441792303089766
18.958333333333332,18.321908472663026,19.539777544644817
18.958333333333332,18.35203274637806,19.68181993205823
17.625,18.371669117775557,19.849516760823352
16.791666666666668,18.38925020508365,20.09574357112857
17.833333333333332,18.411020044716313,20.40510480958419
17.583333333333332,18.445002173689748,20.76855190101002
17.958333333333332,18.482058840486538,21.158261831375086
19.041666666666668,18.526534506158992,21.52703996793531
22.125,18.595250365557458,21.812528968791483
23.208333333333332,18.680434968137053,22.04462467525207
19.625,18.767096658317772,22.230979804909097
15.75,18.812000593126328,22.32679720523927
16.208333333333332,18.844964015747706,22.30081507284879
18.208333333333332,18.891617251140314,22.161070295829095
16.75,18.93030470546911,21.922375575837396
16.916666666666668,18.95850621311156,21.655289402798697
18.291666666666668,18.992483434136933,21.39525696255839
17.833333333333332,19.024208901487516,21.14338834859354
15.5,19.03937001685782,20.843313421699968
18.425,19.044224761799228,20.524030010984998
17.875,19.06288180727378,20.289438397393585
18.333333333333332,19.07498665610374,20.17060895725738
16.916666666666668,19.085088979287807,20.173458337283474
17.125,19.087530975400693,20.269278851251514
16.875,19.091905277704857,20.390061593980363
15.208333333333334,19.08966330268539,20.580043872981065
15.708333333333334,19.08681972072756,20.835448941003516
18.833333333333332,19.106015230562253,21.128536381089322
18.083333333333332,19.137781333317708,21.417067268593716
19.833333333333332,19.177281788303386,21.692323269925097
14.375,19.205059324581228,21.877626012115584
15.083333333333334,19.207763337778328,22.01001358144238
15.125,19.22511663909378,22.121165699335915
16.591666666666665,19.246854383350954,22.195173968527314
18.233333333333334,19.282614931764076,22.231580292493366
10.512500000000001,19.290366052875036,22.25839931446284
12.441666666666668,19.281174851452203,22.26722477148032
20.066666666666666,19.305633008914892,22.192391727736545
19.833333333333332,19.356127681519304,22.0034444293458
15.083333333333334,19.38437328007965,21.71386149470025
12.208333333333334,19.373086666715434,21.392152812102086
11.3125,19.3419985985971,21.054270862343117
11.508333333333335,19.302389205085415,20.747807029301452
12.125,19.263538660208003,20.520238240130485
15.5,19.23933445330221,20.395700360970057
17.083333333333332,19.23871221106445,20.384891255947352
14.166666666666666,19.23633137862267,20.481134053431056
12.625,19.206469664240235,20.652506344051943
11.983333333333334,19.179843633503193,20.90298051353014
14.137500000000001,19.162566975066973,21.170836187876986
13.708333333333334,19.157168488619167,21.469424326378867
12.708333333333334,19.15040664754814,21.7689555432388
13.416666666666666,19.145454868496667,22.00060096799128
15.875,19.15959875017457,22.1927130427062
16.666666666666668,19.189301266427012,22.260931086805126
14.916666666666666,19.212718002560287,22.22707843656998
12.416666666666666,19.212491385258225,22.067224757181744
12.3125,19.202342873976487,21.85616157095919
12.958333333333334,19.19269112932564,21.623567330070145
12.25,19.181743056528642,21.36269835476288
11.291666666666666,19.15444218253889,21.10820988970849
10.666666666666666,19.11971785210154,20.839252979169018
10.458333333333334,19.076127807169346,20.56598876732187
11.166666666666666,19.034720995949524,20.31057203811936
12.5,18.997718810483022,20.055787582153748
12.125,18.95958264467633,19.791687533562214
13.041666666666666,18.920342028110372,19.546268048038673
12.791666666666666,18.88156697267717,19.326182673621055
11.541666666666666,18.831367605268763,19.143637286742337
12.5,18.78208589630999,19.05819935673153
13.958333333333334,18.74693801252331,19.017150149011755
12.958333333333334,18.70709547785636,19.010671642875973
12.75,18.66817042329886,19.040496259558566
9.041666666666666,18.61098500641102,19.135300881069522
11.458333333333334,18.551847938889917,19.3419663615567
14.333333333333334,18.52557425733628,19.638054725497003
13.666666666666666,18.51488962308787,19.998332141172153
13.291666666666666,18.498662266666177,20.393446458636905
14.75,18.500418759243914,20.739295886586408
12.258333333333333,18.50029042893165,21.046607392323775
5.483333333333333,18.46235249572771,21.305778021768713
6.870833333333334,18.410792769691916,21.48073822787241
9.316666666666666,18.379993820481257,21.49721124441862
10.041666666666666,18.36139191230985,21.363758936506226
10.583333333333334,18.343805872974617,21.069204604854175
10.5625,18.32237094506677,20.62623591394122
10.375,18.29299451702725,20.061327586321152
10.833333333333334,18.255907648318857,19.43037169589453
11.625,18.212622401610115,18.83240243913438
10.583333333333334,18.16269282929162,18.27422551935116
11.0,18.10505919084982,17.825476124157046
9.791666666666666,18.036677417418726,17.457022218026662
8.708333333333334,17.95296498489339,17.229979861944784
9.125,17.86842815377806,17.141081686831278
12.75,17.806023944803343,17.185581614482373
12.958333333333334,17.757579009126975,17.36268048116435
11.25,17.713754252859292,17.62787537809999
7.125,17.6367070200104,17.9400856712948
10.25,17.57964393955663,18.26975294186992
9.75,17.528896840158016,18.623533595233567
11.291666666666666,17.496591933650855,18.998491000368535
8.75,17.46932241955473,19.36781624243099
4.9125,17.41424202367803,19.715037299941716
5.3374999999999995,17.353732016435195,20.005908075269488
5.125,17.30419674285522,20.19435406144849
4.791666666666667,17.251465942395416,20.265036113357354
6.125,17.201166756719193,20.22215479881346
9.875,17.180513773184487,20.019606219090885
6.625,17.15589534008086,19.692891398568133
3.75,17.093047697437708,19.229166516587664
8.858333333333334,17.03989668298516,18.66485318949897
10.083333333333334,17.001813879407127,18.08226529470753
8.833333333333334,16.954556424716245,17.504377373412538
10.583333333333334,16.896575287616024,16.95429429830386
12.625,16.859695242875535,16.447448130033003
12.75,16.81130012136524,16.03640472479177
10.083333333333334,16.762047385173975,15.727835474895292
7.583333333333333,16.671163671325562,15.577484022401086
7.791666666666667,16.58706765815663,15.553613467335483
6.666666666666667,16.497146306215246,15.64151309364964
3.9583333333333335,16.393115657764742,15.840549931919535
2.75,16.282344023184258,16.162311338407644
1.9166666666666667,16.170522927797872,16.568104570266566
4.583333333333333,16.080489415316233,17.006551684255694
3.6666666666666665,16.00583589186824,17.414003081650687
2.8333333333333335,15.928662251547886,17.77456920838391
3.5,15.85692152967863,18.085356028901774
3.7916666666666665,15.7979174891554,18.288793429077284
2.875,15.74238167378765,18.389763473977585
1.5416666666666667,15.670998373464764,18.400335646932835
1.7916666666666667,15.609874501209068,18.30166997998573
3.9583333333333335,15.54053242707005,18.097854506149293
2.8333333333333335,15.491869606870383,17.80492155846306
7.958333333333333,15.441426032188906,17.38853528984724
8.208333333333334,15.416587922642513,16.882494161255504
7.375,15.369948233063553,16.33514387016671
11.458333333333334,15.33585033556733,15.800351251831069
10.666666666666666,15.308244188137003,15.320865250600955
8.5,15.2594671308161,14.887537943482934
8.25,15.195166363569072,14.551113616902834
8.041666666666666,15.125344751236618,14.295938150379383
