0.0375,7.800904572169688,14.954246604478007
9.241666666666665,7.651948279523395,14.666469626194
10.329166666666667,9.755287078539666,14.386322786866971
6.779166666666665,9.718793348154831,14.261379043139113
8.554166666666665,9.839410060830216,14.334699545588691
10.262500000000001,10.923743407729077,14.423805528416388
7.795833333333332,10.760544131577399,14.496326744551142
8.245833333333334,10.283027584836256,14.471414901754455
4.916666666666667,9.196100230718285,14.46068091140801
3.6875,7.551201095811606,14.40227488455888
8.600000000000001,8.142581296897655,14.24979082087665
8.012500000000001,9.326414445266968,14.156065379118667
4.941666666666666,8.418078120249232,14.077406025228745
4.2125,7.779155690939153,14.926365244180827
6.2749999999999995,8.107874710338928,14.7667884642441
4.816666666666666,8.145362106348506,14.594137443435535
5.170833333333333,7.922768715104266,14.499823533204479
6.241666666666667,8.040603822184089,14.316908894783202
6.370833333333333,8.330222353757469,14.174191589262024
2.779166666666667,7.005636765722031,14.247430578767885
7.466666666666669,7.788653749110438,14.844999801086582
6.345833333333332,8.85422146963277,14.703260985599911
5.3625,8.64651912398567,14.625175563857837
3.2708333333333335,7.606220242255873,14.56407190519264
2.0541666666666667,6.200379453740788,14.414195647495772
4.058333333333333,6.426024971823153,14.338182562784754
2.291666666666667,6.590775575510528,14.451184234713063
5.258333333333332,7.012466406803816,14.521913392869557
11.541666666666666,9.522112925860755,14.48920761632708
12.829166666666667,11.983128683776298,14.53904051373893
11.65,12.758916236543579,14.554699333282691
4.05,10.273197260056442,14.648285036759694
4.795833333333333,8.026446917821458,14.583851260768325
2.8958333333333335,6.784861246099531,14.410914743584039
6.941666666666667,7.241048845778965,14.249203021845661
5.283333333333333,8.297714996237307,14.334969126140424
7.645833333333335,8.94116067089179,14.400756709128812
9.316666666666668,9.830832408275501,14.27948886161853
2.3833333333333333,7.5186239040098535,14.165151112677485
8.466666666666667,7.665995899682319,14.700631665093946
8.408333333333333,9.472441680230773,14.73692450948724
6.8625,9.463243598080348,14.552715717061567
11.729166666666666,10.424225368294907,14.430597151294428
6.066666666666666,10.147520640125423,14.464992838364473
3.8375,8.602500627956365,14.644780935517263
4.2749999999999995,7.990248470823404,14.75132726445135
5.270833333333333,7.930076836245282,14.672873305788416
7.675000000000002,8.566023000026474,14.46222049972257
9.879166666666666,10.098866307171805,14.43638780204347
6.312499999999999,9.824470269349414,14.503076942829189
7.875,9.873784616410457,14.642294100888193
10.016666666666666,11.131090858463525,14.80023463073575
9.966666666666667,12.014014110333699,14.93335386975194
10.35,12.175857859576368,15.005628578894411
8.395833333333334,11.898348522595796,15.12095523079922
8.979166666666668,11.431179051148954,15.181753007641378
7.620833333333333,11.016084692476523,15.208474093816806
6.679166666666666,10.576366034751684,15.335224377082616
9.083333333333334,10.965236306485416,15.438049378125266
9.358333333333333,12.23489193183345,15.688744816648118
6.166666666666667,11.401142205317251,16.096490500915824
6.708333333333333,10.892156946288353,16.335796989386925
6.625,10.49109560744386,16.487286451226936
7.375,10.769095526761967,16.656074567828497
9.166666666666666,12.155534265625315,16.934519071185502
10.958333333333334,13.459079884169979,17.35421749027319
10.083333333333334,13.777430056557769,17.745561825484664
8.208333333333334,12.31060972350476,17.799216684592274
9.25,12.792889479585751,17.918430024128494
8.5,12.384858120313195,18.264172849670405
9.958333333333334,13.529946590556948,18.64835251945085
8.75,13.929915495036182,19.08814902860036
6.041666666666667,11.42455227366389,19.108393511641506
6.291666666666667,10.285029940610405,18.713993489526327
6.916666666666667,10.226080811660031,18.395192746341994
8.416666666666666,11.174421446036845,18.398329248650715
6.833333333333333,11.38571954563271,18.47027930000308
7.291666666666667,10.915249484587148,18.28530692192905
7.333333333333333,10.463127647753511,18.03124296910085
7.875,11.061903187455911,17.867050080305763
6.0,10.022053881332962,17.543745984006037
7.708333333333333,10.073496921476268,17.44500093128374
7.666666666666667,11.738786431914157,17.688753236351264
6.25,11.034370467292291,17.953735520465948
8.208333333333334,11.165220064777936,18.028187994573862
8.791666666666666,12.355171918274833,18.25831639237151
11.458333333333334,13.124269664672012,18.37643445767589
11.291666666666666,13.824027132419706,18.328850953184652
9.583333333333334,13.701038743379229,18.581238467078894
10.862499999999999,14.770860871081226,19.00456187354656
8.308333333333334,13.355976295139044,19.400827275296994
7.083333333333333,12.239023224133087,19.407377844251695
5.583333333333333,10.633709674663164,19.230166552361606
6.833333333333333,10.210859696700439,19.131846015132567
10.125,12.390293355050261,19.226312448223684
8.958333333333334,12.725509626164635,19.248758351314542
9.291666666666666,12.003246814918432,18.911827089885914
10.208333333333334,12.25442095078507,18.658027928729105
9.625,12.702041047728125,18.530581316413883
8.458333333333334,12.733449971158123,18.686335508020182
6.75,11.71912366142358,18.922477662786
7.0,11.100317860360803,18.964892976113955
5.666666666666667,10.534042924428947,18.901455867529993
5.791666666666667,10.053073386337735,18.89585265857617
8.916666666666666,11.649032701506835,19.0855101633551
11.458333333333334,13.723203098093684,19.457505108842067
12.375,15.398061065204518,19.97195487823943
14.041666666666666,16.385537463066445,20.5210146962259
15.541666666666666,17.874565113239516,21.142469693195835
16.25,18.917917687184115,21.824690581576306
15.291666666666666,19.197017986734636,22.503242579453598
15.416666666666666,18.945890053335795,23.098948555715314
14.875,19.45138906872124,23.66745626668883
13.791666666666666,18.56144222574948,24.002291850077153
12.791666666666666,17.2174847766386,24.06364303780985
12.458333333333334,16.658226817248256,24.137100333977738
10.666666666666666,15.840394145834603,24.108403040298885
10.875,14.993560938897184,23.872566700117876
10.583333333333334,14.470834540682228,23.597682490821185
11.35,15.081117944682271,23.591225879186553
15.233333333333334,16.98053858529231,23.8399025650551
14.708333333333334,18.38201489946843,24.23829758379406
12.5,18.216634293344903,24.60523295291605
10.833333333333334,16.240399348117823,24.707649334253123
14.75,16.86300601457804,24.61473626602044
15.520833333333334,18.242482306569418,24.76301731411577
13.083333333333334,18.029034731999143,24.88197590177873
12.375,17.239020781790032,24.95381072217074
12.625,16.797094260566713,25.025874914961577
13.333333333333334,17.401166989019668,25.170718801172445
11.5,17.102343339945794,25.382291002200727
11.708333333333334,16.275208067310107,25.446064351010335
12.666666666666666,16.538536370017784,25.23468525388716
14.958333333333334,16.9713453905225,24.909799025860206
13.041666666666666,17.555439015249842,24.91390274971882
12.625,16.905550097301685,25.022883170293856
12.166666666666666,16.808217166651392,25.085286660313574
13.208333333333334,17.058058541013377,25.10141398475577
13.541666666666666,17.33704627799706,25.156803779921763
14.416666666666666,17.661552698695687,25.235809543739922
14.875,18.53912870202693,25.476485377766682
14.625,18.70797967437146,25.722430369452734
16.583333333333332,19.57894462737714,25.97578765533397
16.916666666666668,20.50478778090227,26.368394761390416
16.125,20.401570850390875,26.726133165633115
14.416666666666666,20.066848718107792,27.005809710913343
12.791666666666666,17.779566347526725,26.94030578072552
18.291666666666668,18.973735340889277,26.74501330162006
17.708333333333332,21.084045791988654,26.994739692965137
16.416666666666668,20.73512711672191,27.361502812604495
17.241666666666667,21.13496974177899,27.530685040347482
15.741666666666667,21.040452355444334,27.62887648966648
17.875,21.60809152651774,27.616292001504746
18.291666666666668,22.154768788645658,27.68141735850917
18.333333333333332,22.416913841278355,27.86617811162394
14.541666666666666,21.493863625758948,27.9556459408978
12.375,18.871104482912315,27.65902511197663
14.875,19.151785468098435,27.310363734437598
14.083333333333334,19.398229942470515,27.15301861890364
14.166666666666666,19.40904146581931,27.028512091756497
11.958333333333334,18.688366360696136,26.886443217656048
13.0,18.084657592258466,26.64119495214982
12.458333333333334,17.935678395208097,26.35422374384039
17.958333333333332,19.743054030609517,26.11927812786418
17.625,21.200963332866426,26.290353693164437
17.25,21.705687136733406,26.454418683911303
14.5,20.607256433570715,26.473879934931915
12.916666666666666,18.816594974748295,26.35558289541206
14.291666666666666,18.795250865214573,26.14504405137613
15.291666666666666,19.57129404089956,26.082315920694835
15.333333333333334,19.84207664673968,26.076260923437047
17.333333333333332,20.948810958984186,26.16273514312995
15.333333333333334,20.600565634442827,26.282852843687326
15.833333333333334,20.41857408644751,26.338244963549226
15.166666666666666,20.431418240168025,26.447116277055958
17.958333333333332,20.38064606377847,26.386927725267157
21.625,22.741270002447237,26.54217879998869
25.291666666666668,25.608732227392164,27.11876407623336
19.166666666666668,25.480058335698544,27.683815017471744
16.833333333333332,22.42033726707649,27.86423388352705
16.333333333333332,21.89704392371249,27.992220701078736
17.7625,21.772527530640364,28.04397324765613
20.625,22.991689298207906,28.196018604954855
18.541666666666668,24.150868418900348,28.539781427636076
17.166666666666668,22.690170846449693,28.729415669099506
17.541666666666668,22.314466260095884,28.802457344463964
18.458333333333332,23.1598595606027,28.897257010379622
16.25,22.262395272863003,28.887037086478855
15.166666666666666,20.972576401531363,28.663014438550487
16.166666666666668,20.789014771116026,28.410180503503494
15.541666666666666,20.543129592273566,28.12591853735704
17.666666666666668,21.439613110783355,27.922170839557584
16.875,21.848235707955343,27.946151571893846
14.791666666666666,20.646418715658957,27.858040724649086
16.791666666666668,20.862167296607854,27.74985730166033
18.958333333333332,22.263117307797074,27.852284985556206
21.0,23.49428984616819,27.936021135978635
18.25,23.587425248959246,28.126739935129745
16.708333333333332,22.284884611560837,28.186014565071506
17.458333333333332,21.631968465131973,27.98613003463873
18.416666666666668,22.414541798746356,27.941374588067138
15.458333333333334,21.660540860649345,28.043673321101764
16.25,20.944259215921136,27.98561820236861
18.833333333333332,22.069807566718737,28.00985026547654
21.583333333333332,24.263694486147145,28.23151422223309
20.5,24.427330922002003,28.58759467053342
21.166666666666668,24.905029861599928,28.893154949378594
22.333333333333332,25.373770575156357,29.201810314564145
24.083333333333332,26.769152301380377,29.111555336564194
22.625,26.827535945857367,28.528661508865273
19.333333333333332,25.05776186063088,28.950340348622785
20.874999999999996,24.52214503293568,29.150296307752953
17.583333333333332,23.696113444066242,29.429988028537867
19.75,23.633404736751373,29.555871569860766
19.875,24.491818620398096,29.68127658041026
18.208333333333332,23.492150561868048,29.641980089364495
18.416666666666668,23.238148966285564,29.568847405695845
19.5,23.767343622475053,29.639565249932186
19.541666666666668,23.888262718029754,29.11943980202285
19.666666666666668,23.831288682354753,28.223064018555274
21.208333333333332,24.476261673940524,28.584710579106925
20.333333333333332,24.854847175552873,28.88190126454417
18.291666666666668,23.972689504515824,29.080563580512514
18.5,23.487048253030537,29.236655441263768
18.958333333333332,23.35552064079924,29.18629073754077
18.958333333333332,23.367737629767078,29.0168734534037
17.625,22.74586998557108,28.97344070407583
16.791666666666668,22.435490652944626,29.043246337625636
17.833333333333332,22.54712528536353,29.08054088543274
17.583333333333332,23.056310298312074,29.195865911866345
17.958333333333332,22.998175636351274,29.219895552951055
19.041666666666668,22.745965226074432,29.06776851941647
22.125,24.34317848985955,29.037677244544337
23.208333333333332,25.80955088126934,29.41947777215196
19.625,25.73080686148923,29.151902503589344
15.75,22.236069986731763,28.011277721304666
16.208333333333332,20.857970099522785,27.775746930361766
18.208333333333332,21.71205706963553,27.52801970303509
16.75,21.76320735968021,27.515481426241635
16.916666666666668,21.65271097128205,27.632629081010084
18.291666666666668,22.52897876726662,27.794741194585182
17.833333333333332,22.28719974997654,27.749748854553832
15.5,21.011503227977126,27.42985205373563
18.425,21.150113586531564,27.295015575259924
17.875,22.441829373960676,27.55631837833697
18.333333333333332,22.71117694227841,27.82911401961729
16.916666666666668,22.551158570854554,28.04368503352558
17.125,21.57098399184254,27.866108248932946
16.875,21.506433978515236,27.662506227659396
15.208333333333334,20.77552552560995,27.606913615914454
15.708333333333334,20.483063019585607,27.472452913744124
18.833333333333332,21.606052063691788,27.306723990148402
18.083333333333332,22.303998444449277,27.315083434099574
19.833333333333332,22.578155334900387,27.186664630182634
14.375,21.039292017692603,26.955997753099656
15.083333333333334,19.619889497533844,26.81843710324606
15.125,20.08292374473209,26.729789920056167
16.591666666666665,20.539553358483637,26.631482864372543
18.233333333333334,21.85091376125959,26.758839115118167
10.512500000000001,19.14330109178402,26.895852968782023
12.441666666666668,17.901495427737203,26.521685582446583
20.066666666666666,19.60804580262222,25.98388321244965
19.833333333333332,21.554500940332705,25.730915683072357
15.083333333333334,20.897129631165026,25.65755755811874
12.208333333333334,18.545151971647034,25.418684812919015
11.3125,17.082389130528053,25.028583879896058
11.508333333333335,16.741127017842935,24.74604477221119
12.125,16.965209366612907,24.608156679369213
15.5,18.31027401989364,24.596902344159755
17.083333333333332,20.25918129222103,24.81336111150065
14.166666666666666,20.194360770367293,25.00516661109056
12.625,17.92871404410414,25.15842853542644
11.983333333333334,16.932207539814687,25.16725728801217
14.137500000000001,17.364431903454005,25.114424317794043
13.708333333333334,17.964009548334165,25.24905110633885
12.708333333333334,17.13929109518604,25.14719308450235
13.416666666666666,17.16360538229809,25.105360493294057
15.875,17.945477934899284,24.989595408775333
16.666666666666668,19.086091307194863,24.862800636576083
14.916666666666666,18.757499892943702,24.777760532042667
12.416666666666666,17.266001917849085,24.64740582591223
12.3125,16.753375568455017,24.7054767948492
12.958333333333334,16.780639257033265,24.68693008051009
12.25,17.07716896496795,24.69454920377447
11.291666666666666,15.949814009873583,24.571486969796286
10.666666666666666,15.230863692788624,24.305411031834996
10.458333333333334,14.65174249464566,24.008329743086573
11.166666666666666,14.770591129796552,23.682128136545945
12.5,15.075689425044999,23.231760776423386
12.125,15.22786806144645,22.838707913537984
13.041666666666666,15.469386055600253,22.516287019303103
12.791666666666666,15.557174831901783,22.198848201398985
11.541666666666666,15.235999143257784,22.059874388106632
12.5,15.114679186803187,21.87806096423321
13.958333333333334,15.774605100781214,21.535441793146777
12.958333333333334,15.557606694731703,21.253616066073956
12.75,15.670017654122459,21.06499630971714
9.041666666666666,14.416080228392,21.079173634931863
11.458333333333334,14.046859590717347,21.089155589157304
14.333333333333334,15.906244112362728,21.162277691079392
13.666666666666666,17.152415234467455,21.387695335681496
13.291666666666666,16.259352544069543,21.396001388169413
14.75,16.969459547897145,21.352273139609707
12.258333333333333,16.75311508667417,21.49011134612283
5.483333333333333,12.83270694716714,21.440309380266243
6.870833333333334,10.550820767835992,20.877715939071773
9.316666666666666,11.236049587637458,20.25223852352356
10.041666666666666,12.112057725147087,19.79284251171809
10.583333333333334,12.525253966269668,19.334566752268657
10.5625,12.663284036460114,18.919525625353838
10.375,12.681751703797952,18.548281173118507
10.833333333333334,13.354751344090689,18.473418630518093
11.625,13.57447284355874,18.42439206025418
10.583333333333334,13.84161910330758,18.436832210829234
11.0,13.636192076326333,18.31284014627365
9.791666666666666,13.23684393367351,18.160209267002703
8.708333333333334,12.224847728634089,18.044406994410625
9.125,11.84502795853436,17.819944627621577
12.75,13.26827126720086,17.72112574347157
12.958333333333334,14.200635562077329,17.679213877471874
11.25,14.215541132526875,17.55458063438539
7.125,11.04344730084427,17.236720964097092
10.25,11.55063068527098,16.912502914695207
9.75,11.856633853459742,16.82656838822323
11.291666666666666,12.868989165731593,16.823722809254573
8.75,12.972587826133937,16.90051281416159
4.9125,10.37096148814411,16.825579258291505
5.3374999999999995,8.835586928934692,16.471230481586165
5.125,8.683903622712776,16.06617012190688
4.791666666666667,8.316076251654739,15.758736662504974
6.125,7.8198894573838444,15.325188808359991
9.875,9.701993700987712,15.014511272927491
6.625,9.996757958914024,14.828771806650773
3.75,7.767849845079834,14.51286763778873
8.858333333333334,8.826538565190704,14.452368979714104
10.083333333333334,10.625279597555933,14.546116319040735
8.833333333333334,11.071424558766223,14.620932352471991
10.583333333333334,10.9430788306797,14.519891180191657
12.625,12.648571165221389,14.515094962617303
12.75,12.887696352359038,14.555207601400406
10.083333333333334,13.24567495705953,14.69949071601578
7.583333333333333,10.645419137498772,14.720566061787856
7.791666666666667,10.221291872503299,14.5461665366692
6.666666666666667,9.540758928534563,14.404114275615674
3.9583333333333335,8.160925931592859,14.38849878998925
2.75,6.8558542209722875,14.369662508976823
1.9166666666666667,5.556980685299762,14.246611407214425
4.583333333333333,6.0273321592015385,14.381224683605764
3.6666666666666665,6.539119686882167,14.607027431608666
2.8333333333333335,6.352920650073116,14.438967890937917
3.5,5.9848643663915295,14.249815526828849
3.7916666666666665,6.359306352150643,14.103254998020844
2.875,6.694981757445933,14.790971210293657
1.5416666666666667,5.351764451305509,14.823305569663134
1.7916666666666667,5.661353658855753,14.553434878022573
3.9583333333333335,5.382046195139914,14.44358312214696
2.8333333333333335,6.209734885619955,14.247185799123793
7.958333333333333,6.952318690389389,14.657942231229049
8.208333333333334,9.110558943011487,14.582942788765953
7.375,9.294384985214089,14.488818093525994
11.458333333333334,10.974153574147893,14.574522028412886
10.666666666666666,11.988560003881936,14.599256601658732
8.5,11.502397229246286,14.596251400906885
8.25,10.617632073880344,14.537539170538814
8.041666666666666,10.037173770749105,14.3865621187389
