0.37083333333333335,5.103130708271133,18.002987093630107
9.241666666666665,5.739510051637763,18.00530656443333
10.329166666666667,8.544860820116957,18.00649805767051
6.779166666666665,8.18681541908129,18.0083956668179
8.554166666666665,8.053484523158547,18.011554558103892
10.262500000000001,9.164238257304712,18.015326751248473
7.795833333333332,8.753037735310077,18.019976405536557
8.245833333333334,8.437467349897117,18.02144641660671
4.916666666666667,6.961771303705613,18.025272092453534
3.6875,5.014024965117291,18.032344853988395
8.600000000000001,6.22340722409071,18.03440736931869
8.012500000000001,7.648884919641646,18.03367393070482
4.941666666666666,6.567742631165344,18.032028406694163
4.2125,5.306804766717611,18.0376004050853
6.2749999999999995,5.4841030010973855,18.04239702489618
4.816666666666666,5.359657445859299,18.04980388040805
5.170833333333333,5.220062510770688,18.0583074787799
6.241666666666667,5.706459360615766,18.061109502484943
6.370833333333333,6.189739466673804,18.06160944323117
2.779166666666667,4.735617638541022,18.06340992005751
7.466666666666669,5.36357853430133,18.068883379402198
6.345833333333332,6.4552868248657695,18.0750048001557
5.3625,6.048506095385758,18.082332127865694
3.2708333333333335,4.868668595553955,18.089943423029663
2.0541666666666667,3.302707765076164,18.096545577762825
4.058333333333333,3.3163014631791548,18.10348389788993
2.291666666666667,3.14044425193801,18.11397336419171
5.258333333333332,3.899524545014963,18.121772308672735
11.541666666666666,8.021190032583979,18.12166027294638
12.829166666666667,11.027680520790101,18.12222856146663
11.65,11.880149332168427,18.12269567130939
4.05,8.159300780766776,18.12766924139892
4.795833333333333,5.685687982775565,18.129562557207745
2.8958333333333335,4.186855690054621,18.132860361160805
6.941666666666667,5.046068475640981,18.131737904915838
5.283333333333333,5.751441089866362,18.137028793559995
7.645833333333335,6.3716669084240385,18.144551335493933
9.316666666666668,7.80762067956931,18.14456340109035
2.3833333333333333,4.921546027509909,18.14852793955996
8.466666666666667,5.699162696921562,18.15367528717572
8.408333333333333,7.61343695565385,18.154591755039128
6.8625,7.539437129298254,18.152138683240768
11.729166666666666,9.215942750955584,18.153080570053604
6.066666666666666,8.470051660829236,18.15343796551377
3.8375,5.925043933100795,18.16117016210828
4.2749999999999995,4.8805671718936745,18.173171356432242
5.270833333333333,5.021846638592884,18.178297829866985
7.675000000000002,6.152753468466841,18.177934475541598
9.879166666666666,8.079785906706597,18.17789261575246
6.312499999999999,7.5977814126956185,18.178772087663628
7.875,7.515780069119647,18.179355423468426
10.016666666666666,8.739980907768258,18.185502737234412
9.966666666666667,9.645342385814425,18.192304212046754
10.35,10.025848927827566,18.194962871273404
8.395833333333334,9.604405173241062,18.20066274200339
8.979166666666668,9.177748022451938,18.204528259678316
7.620833333333333,8.659685787976612,18.21114030491866
6.679166666666666,7.63618381685487,18.22031809990524
9.083333333333334,7.974045968154183,18.231911638475935
9.358333333333333,9.06900015939324,18.24367658648754
6.166666666666667,7.780600010614453,18.259992214054236
6.708333333333333,7.144899856442195,18.275342651887268
6.625,6.775236080116291,18.289358936422
7.375,6.978790303281492,18.30557425854465
9.166666666666666,8.407102524992478,18.32273045872825
10.958333333333334,9.855371598625824,18.342473385680908
10.083333333333334,10.472817215513542,18.361202493520103
8.208333333333334,9.18468177511267,18.372836356864603
9.25,9.261133289678463,18.38672124866171
8.5,8.484638365362144,18.408330206452423
9.958333333333334,9.520470346977632,18.430719781855014
8.75,9.764981927964959,18.453335133426588
6.041666666666667,7.611825576906825,18.467489076814527
6.291666666666667,7.047879457549517,18.472815647905147
6.916666666666667,6.945789128928982,18.4803734794263
8.416666666666666,7.482568776911754,18.49549193111993
6.833333333333333,7.686092652657524,18.511594845468807
7.291666666666667,7.581556447100378,18.520659070016887
7.333333333333333,7.3168301881621725,18.528315598743962
7.875,8.06341235032596,18.537308216055347
6.0,7.260292322537945,18.541585514823897
7.708333333333333,6.851323751902768,18.553453108400365
7.666666666666667,8.025051824227875,18.57236897104959
6.25,6.894557875444196,18.593164885833627
8.208333333333334,7.346693184878423,18.608767019819
8.791666666666666,8.471346960707391,18.62533164293637
11.458333333333334,9.888117730382303,18.639606028018704
11.291666666666666,11.204406970027497,18.64458194617755
9.583333333333334,10.468163274891431,18.65767561512429
10.862499999999999,10.948528866054367,18.675252725867356
8.308333333333334,9.096447113667947,18.696053374423776
7.083333333333333,8.648983799880524,18.710465503467315
5.583333333333333,6.945108684540177,18.722057932445423
6.833333333333333,6.367126900771706,18.73614944163833
10.125,8.321156112645005,18.751616759488893
8.958333333333334,9.328636384360598,18.764067693277152
9.291666666666666,9.18405107599577,18.768955479762564
10.208333333333334,9.642390843095022,18.77582250788354
9.625,10.151717181666852,18.784171902591442
8.458333333333334,9.413135109083987,18.79839863799206
6.75,7.765407460744064,18.817052345547843
7.0,7.175314169959513,18.8327304169542
5.666666666666667,6.601713729780091,18.845753277260002
5.791666666666667,5.901393092608146,18.86117457007821
8.916666666666666,7.422698679334542,18.880336350606395
11.458333333333334,9.765630964580378,18.902752806451844
12.375,11.709924534238771,18.927438369450375
14.041666666666666,13.08497927311253,18.951450814459353
15.541666666666666,14.845137751586101,18.97635332574887
16.25,15.989515042998613,19.00203331438558
15.291666666666666,15.990619455964074,19.02779895863402
15.416666666666666,15.506289509465807,19.05309517594957
14.875,15.810911864446865,19.078386279965095
13.791666666666666,14.916090962155835,19.09905824996499
12.791666666666666,13.626440864187868,19.113986426588642
12.458333333333334,12.879348175589316,19.130765943730598
10.666666666666666,12.064702316943261,19.14455855991198
10.875,11.277350330904952,19.1554086833298
10.583333333333334,10.80650127025143,19.16700832358626
11.35,11.217313075732642,19.184440649763175
15.233333333333334,13.21128370399972,19.207423651619
14.708333333333334,14.566652988923098,19.230915976151774
12.5,14.146777730065855,19.253671886151206
10.833333333333334,12.017688373763278,19.27252248874627
14.75,13.018528365064824,19.28642098980573
15.520833333333334,14.627607540178026,19.303544751991335
13.083333333333334,14.473801789341527,19.320222494682636
12.375,13.343822553870188,19.336879078895134
12.625,12.660619116462883,19.3558539677032
13.333333333333334,13.149157204852633,19.376375492814578
11.5,12.628833740836475,19.39817936685752
11.708333333333334,11.699892720952478,19.417652845875857
12.666666666666666,12.511536168394874,19.429994339214414
14.958333333333334,13.415163929991934,19.439631297703887
13.041666666666666,14.077411875197463,19.4542784155618
12.625,12.90698280124107,19.472088575469645
12.166666666666666,12.681845700826571,19.489828600525673
13.208333333333334,12.900232525841696,19.506009682429458
13.541666666666666,13.236607511247536,19.522973758659152
14.416666666666666,13.725922569098389,19.54029877598642
14.875,14.563479214415489,19.561012718014236
14.625,14.643142492843099,19.581921379260724
16.583333333333332,15.577160363267216,19.603474064526385
16.916666666666668,16.63128256650411,19.627354321150857
16.125,16.48546448685032,19.65049357237752
14.416666666666666,16.024461236215952,19.672110197729815
12.791666666666666,13.844494433579898,19.68772006596676
18.291666666666668,15.505004081253565,19.70053599636047
17.708333333333332,17.75165375047327,19.72013855537811
16.416666666666668,16.763855549663294,19.743319977184413
17.241666666666667,16.87662085545462,19.76634476157014
15.741666666666667,16.327199068240358,19.78954568320322
17.875,17.112940244797354,19.80983959609576
18.291666666666668,17.806590979894114,19.82963057703085
18.333333333333332,18.187032674523067,19.85269828086067
14.541666666666666,17.194301786988927,19.8742482822245
12.375,14.26400215251622,19.891150932945333
14.875,14.142295435535802,19.90822107725477
14.083333333333334,14.268739383928617,19.927244376513574
14.166666666666666,14.197158544408696,19.947383888207526
11.958333333333334,13.484422531003469,19.967695467320187
13.0,12.851450006759459,19.98751909105412
12.458333333333334,12.908527220323512,20.004958008080237
17.958333333333332,15.005256869165898,20.02064626708486
17.625,16.804858993284338,20.041902235282837
17.25,17.643291331498308,20.061518598341248
14.5,16.565913946882215,20.07812059855298
12.916666666666666,14.378039837551448,20.0959493260366
14.291666666666666,14.080621705854,20.112731706139126
15.291666666666666,14.653657570993664,20.131429594493053
15.333333333333334,15.09760547383347,20.151130562278674
17.333333333333332,16.320447709833918,20.170610959155514
15.333333333333334,16.17520437555791,20.189884946010736
15.833333333333334,15.803492182583405,20.209406840351125
15.166666666666666,15.64426577677993,20.23084657122905
17.958333333333332,16.217416294974335,20.2486577978574
21.625,19.55120105493167,20.267652155496304
25.291666666666668,23.217246766748517,20.292223980250224
19.166666666666668,23.071935022902654,20.31267825753798
16.833333333333332,18.437955884888975,20.33245327972363
16.333333333333332,17.15596940660713,20.355605212928413
17.7625,17.035522849729244,20.377721785372334
20.625,18.89370591184444,20.400565577432058
18.541666666666668,20.352225758293518,20.42464540739818
17.166666666666668,18.20089808329968,20.447914258158452
17.541666666666668,17.439735311304485,20.470945216720988
18.458333333333332,18.264076374692106,20.493496632955264
16.25,17.711297492079762,20.513073181510432
15.166666666666666,16.428396918254784,20.53010104548064
16.166666666666668,16.035952520424104,20.547603811569267
15.541666666666666,15.923667727629429,20.56330842169014
17.666666666666668,16.631350277769183,20.579675601999515
16.875,17.13512206939781,20.59942359357837
14.791666666666666,15.953124051174989,20.61775181927803
16.791666666666668,15.955315886027023,20.63784563548966
18.958333333333332,17.58664156049306,20.66034870861104
21.0,19.612466710677893,20.67892712672313
18.25,19.80373799828435,20.698198527499176
16.708333333333332,18.26952735644047,20.71735148924753
17.458333333333332,17.555840796524038,20.732411230911758
18.416666666666668,18.032753492238843,20.74978824529912
15.458333333333334,16.951172770320053,20.771300572740817
16.25,16.050222770108217,20.792030021631685
18.833333333333332,17.392444995345187,20.814037033863496
21.583333333333332,20.00854398983076,20.835840145447246
20.5,20.379007859043757,20.85876643427719
21.166666666666668,20.986638994684963,20.881842819226918
22.333333333333332,21.48834177804589,20.90420837587945
24.083333333333332,22.975488924009497,20.928718820147335
22.625,23.24970324203444,20.954110311213636
19.333333333333332,21.419882670133514,20.97577066483514
20.874999999999996,20.544665993913487,20.997194896589985
17.583333333333332,19.069954088695848,21.02190813942873
19.75,18.936204589676915,21.046113750218385
19.875,20.207170106578705,21.068241481913986
18.208333333333332,19.24603526214766,21.086241426317535
18.416666666666668,18.660678509426337,21.10562193935685
19.5,19.035701865394635,21.12808605699019
19.541666666666668,19.219537909919463,21.150945559583104
19.666666666666668,19.615752687635638,21.173911800197676
21.208333333333332,20.444785536689427,21.197620177833844
20.333333333333332,21.021806323445844,21.219910664967816
18.291666666666668,19.732547548040365,21.241262303354628
18.5,18.851578545235835,21.264453948596536
18.958333333333332,18.890404008475265,21.283028683282932
18.958333333333332,19.220456992411616,21.297556607804577
17.625,18.277293094668185,21.315789146317417
16.791666666666668,17.47446215218451,21.339411934536077
17.833333333333332,17.380638563007658,21.362683902856556
17.583333333333332,17.843308457122077,21.3866461134576
17.958333333333332,17.954174901242204,21.40862371299177
19.041666666666668,18.23223465226045,21.425860655718242
22.125,20.133084142570173,21.443392232538134
23.208333333333332,22.161437567760625,21.467898322906986
19.625,22.311486318479112,21.491300232926168
15.75,18.4880298614015,21.50801882573188
16.208333333333332,16.807266644663446,21.52203149651194
18.208333333333332,17.462529725257628,21.535496694760024
16.75,17.314115882541635,21.55320606669279
16.916666666666668,16.84927806740517,21.576095150733646
18.291666666666668,17.71136359316154,21.599834221021013
17.833333333333332,18.09607236310336,21.616867270768385
15.5,17.30250281485274,21.627357499618768
18.425,17.1734028232952,21.645034825926274
17.875,18.15406453899985,21.67029012472005
18.333333333333332,18.201109342478,21.695746867168406
16.916666666666668,18.00379256815281,21.71970342829874
17.125,17.40365197666561,21.73550000134988
16.875,17.224651909216124,21.750927695737335
15.208333333333334,16.120991098173274,21.770203163385172
15.708333333333334,15.577609466226301,21.78946438995241
18.833333333333332,17.21137474880333,21.805874951219675
18.083333333333332,18.233105596081522,21.82291240420342
19.833333333333332,18.965189283142024,21.835910867290526
14.375,17.373605234411674,21.84686888210807
15.083333333333334,15.14084976474504,21.866325325277813
15.125,15.394183393388005,21.88584117519406
16.591666666666665,15.955563215080986,21.903966517767955
18.233333333333334,17.411935229985545,21.92577196079077
10.512500000000001,13.783730358675617,21.949522824006618
12.441666666666668,12.713133818699333,21.967131874796507
20.066666666666666,16.10640434348017,21.97631177546991
19.833333333333332,18.65809639927561,21.983803630398267
15.083333333333334,17.558241593255328,21.994390447416077
12.208333333333334,14.767121131539538,22.007471193352647
11.3125,12.81129114898731,22.021238459984875
11.508333333333335,11.809117120491317,22.039443142480035
12.125,11.808527317721813,22.06115445708358
15.5,13.755636026078129,22.083453747424148
17.083333333333332,16.297417712975804,22.106657994081008
14.166666666666666,16.316024216815965,22.126805033732055
12.625,13.559144761973235,22.14741055671875
11.983333333333334,12.800478938569796,22.16526278175814
14.137500000000001,13.33209381311264,22.18072151386419
13.708333333333334,13.882305674828457,22.20044644958129
12.708333333333334,13.520613659008005,22.215104096009217
13.416666666666666,13.27724831625602,22.231795951089186
15.875,14.536929036822066,22.244836141641073
16.666666666666668,15.866835407915909,22.254812483348246
14.916666666666666,15.968798247704036,22.264635320897998
12.416666666666666,13.898447126465323,22.275713365972084
12.3125,12.778805677580989,22.29526232623581
12.958333333333334,12.899640934170037,22.312549054312658
12.25,13.023062745554794,22.328897017668933
11.291666666666666,12.034996623727539,22.343746361381225
10.666666666666666,11.425993288700743,22.355179633236975
10.458333333333334,10.775400050924427,22.36622972812317
11.166666666666666,11.053737980526414,22.376045868609065
12.5,11.674970783502308,22.3806827062127
12.125,12.091994737716865,22.385238009059822
13.041666666666666,12.480165156020448,22.391683798085207
12.791666666666666,12.818450495258373,22.397407347985617
11.541666666666666,12.099926515806244,22.407818899284596
12.5,12.203675945397059,22.41695094090356
13.958333333333334,13.267435358994298,22.41920369005126
12.958333333333334,13.24198401755549,22.423320079297458
12.75,13.23264625771637,22.429647250018377
9.041666666666666,11.111837693601451,22.44226721428213
11.458333333333334,10.52828582484978,22.45786100198309
14.333333333333334,12.530411980119373,22.47229710668913
13.666666666666666,13.816754240367954,22.488321191229506
13.291666666666666,13.359347327113724,22.49931696487789
14.75,14.056825670755414,22.507879549569946
12.258333333333333,13.688829796205304,22.521211894930204
5.483333333333333,8.881068858980383,22.53440775789154
6.870833333333334,7.057315452914263,22.539372361158502
9.316666666666666,8.01557003622428,22.54170928227681
10.041666666666666,9.218947313372054,22.545318725808325
10.583333333333334,9.943185294448766,22.546852799199087
10.5625,10.390638763547669,22.548591781488067
10.375,10.530622251851025,22.55127614162325
10.833333333333334,10.698489046933565,22.56011907815399
11.625,11.00011297498173,22.56786920705889
10.583333333333334,11.043528619526684,22.5740588159095
11.0,11.18620606629757,22.5768557464762
9.791666666666666,10.841867323357157,22.579925052632998
8.708333333333334,9.57904077335413,22.58529714920368
9.125,9.164699758824812,22.591173439775975
12.75,10.792930647809053,22.59759823267565
12.958333333333334,12.033006261741223,22.601324310775652
11.25,12.379653344194766,22.602909969881946
7.125,8.835040782706367,22.60505343370414
10.25,9.332716167121236,22.607490505239692
9.75,9.510475895481457,22.613737047836707
11.291666666666666,10.525954982945391,22.619961427634664
8.75,10.593844646819042,22.62555380800112
4.9125,7.563095356113031,22.631050352437057
5.3374999999999995,6.0389566709921345,22.632441898348105
5.125,5.976295640356791,22.63228620234861
4.791666666666667,5.412032734949714,22.635079213827993
6.125,5.286823164789692,22.636704948670445
9.875,7.795336597104261,22.638645894562433
6.625,8.280123283780012,22.64100720138217
3.75,5.814762994244128,22.642200221178424
8.858333333333334,6.875533733465624,22.64279241096048
10.083333333333334,8.745964555626587,22.643504729956188
8.833333333333334,9.341069098863164,22.642050819867535
10.583333333333334,9.534470324041747,22.64098150691918
12.625,11.763114942503053,22.640824271865522
12.75,12.03539713178152,22.64041521596668
10.083333333333334,12.167412055293946,22.64057781493099
7.583333333333333,8.908119430119493,22.641675583252525
7.791666666666667,8.716063634344495,22.638721815773795
6.666666666666667,8.063331710062931,22.634366359693463
3.9583333333333335,5.953318612371355,22.636436733395715
2.75,4.134075256522984,22.644645792319867
1.9166666666666667,2.7600403980854207,22.650899236413277
4.583333333333333,3.419807139395239,22.653580913483864
3.6666666666666665,4.095652879442876,22.651178363394013
2.8333333333333335,3.7150323604332267,22.652283559476988
3.5,3.381062904066686,22.65330649191979
3.7916666666666665,3.7642953255006177,22.650034235151868
2.875,3.789562939476317,22.654400610913786
1.5416666666666667,2.1611989951844137,22.66055672530422
1.7916666666666667,2.509284902875063,22.66246192683227
3.9583333333333335,2.4044613330014695,22.670239804901104
2.8333333333333335,3.9544792386808854,22.675575487537348
7.958333333333333,5.1917704222792675,22.676746799312124
8.208333333333334,7.642319452713103,22.67611148686137
7.375,7.398361594845461,22.679168598271644
11.458333333333334,9.087214372246455,22.68440623708985
10.666666666666666,10.572419808468988,22.68463125589038
8.5,9.932883761964144,22.682484872898485
8.25,9.099112654552288,22.681870174834444
8.041666666666666,8.541725019027986,22.68289850171274
