0.0375,1.7880081685831186,7.1134137348751
9.241666666666665,9.769371368339069,9.118347576387004
10.329166666666667,10.612648704593358,10.625500242269931
6.779166666666665,7.906124184894062,11.581348781463326
8.554166666666665,10.009675139840292,13.487025652117092
10.262500000000001,11.485977580302977,15.475637170310778
7.795833333333332,9.621746760562738,16.776022197428087
8.245833333333334,9.647903275331663,17.141903588785045
4.916666666666667,7.3217910070141015,17.435457491059292
3.6875,5.83312968054443,17.338699377399045
8.600000000000001,9.990664434948783,16.923038653963552
8.012500000000001,9.321385370700009,16.610249381059663
4.941666666666666,6.443519591523015,15.655376012050764
4.2125,6.753323381594162,16.16886835689173
6.2749999999999995,7.857932874751058,16.549907814507847
4.816666666666666,7.469561137659422,17.069898968302756
5.170833333333333,7.302356905661182,17.697939784078503
6.241666666666667,7.771137097032166,17.001366669387725
6.370833333333333,7.941970889212136,16.141469158125584
2.779166666666667,4.465017373107314,14.946275557491845
7.466666666666669,9.791685498114324,15.893289171946392
6.345833333333332,8.04292082570742,17.179733109934585
5.3625,7.942077904326971,17.7630137239673
3.2708333333333335,5.770194095445139,18.31524639026063
2.0541666666666667,4.674596266563529,17.888633643514932
4.058333333333333,6.702203842704088,18.225406607478646
2.291666666666667,5.6400410423309255,19.75175632980107
5.258333333333332,7.749025274862777,20.79798909752873
11.541666666666666,13.254812417643736,21.244176392906706
12.829166666666667,14.377516198955016,22.131979901805675
11.65,13.147157009140036,21.935918463840313
4.05,6.984666478148533,21.94907742514034
4.795833333333333,6.975129561269249,21.166676890748736
2.8958333333333335,5.556310960288222,19.874790435472082
6.941666666666667,8.556516016757415,18.977350364192088
5.283333333333333,8.439369093580504,19.9419968503227
7.645833333333335,9.53350258707204,20.786050599771375
9.316666666666668,10.978783479117466,20.009003467302154
2.3833333333333333,4.714667799954703,18.585679820906105
8.466666666666667,10.250366353293375,17.973832555179133
8.408333333333333,9.98663728212283,18.557131839387516
6.8625,8.679799967181504,18.52156232216244
11.729166666666666,12.7899395535347,18.331983254142397
6.066666666666666,8.267027078099145,19.005568658960105
3.8375,7.21571405226758,20.8386657397545
4.2749999999999995,7.571721195353537,22.595191155228747
5.270833333333333,7.768778949448248,22.824092651894762
7.675000000000002,9.639560820501146,21.77055560356143
9.879166666666666,12.036629129325076,22.12875526222874
6.312499999999999,8.602107006108332,22.784216689062106
7.875,10.795334394343206,23.893483390369624
10.016666666666666,12.761946775028294,25.728002701712636
9.966666666666667,12.633980978681853,26.896892731278673
10.35,12.772978645167525,27.224925703308326
8.395833333333334,11.585858286691327,27.862802513361814
8.979166666666668,11.941579660854252,28.539002843136526
7.620833333333333,10.72235070914794,28.675995608358807
6.679166666666666,10.796315469916584,29.947953674838754
9.083333333333334,12.395052441394151,30.95252378385666
9.358333333333333,13.508649351426628,32.58624052052635
6.166666666666667,10.834825876889417,35.22956485627714
6.708333333333333,11.466546895394439,36.917671332142014
6.625,11.346003273809098,37.70534221723606
7.375,12.48837932077335,38.53749871943778
9.166666666666666,14.104623730113211,39.876480821687764
10.958333333333334,16.140715901299984,41.72917496126113
10.083333333333334,14.974413788865826,42.647834847771456
8.208333333333334,12.42933612415131,40.64206686180591
9.25,14.71877116629995,40.20715668430682
8.5,13.989289611318997,41.7451557740276
9.958333333333334,15.60399350500766,43.61856161842622
8.75,14.486233393651483,45.352854020972025
6.041666666666667,10.751743924274216,43.71201920348833
6.291666666666667,10.440125771314948,39.81817682655672
6.916666666666667,11.340392230509673,37.32855754299322
8.416666666666666,13.514755181004373,37.843699640781246
6.833333333333333,11.602662924387,38.39878299088672
7.291666666666667,11.077225708643885,36.71165850020622
7.333333333333333,11.701504074676132,34.92795635004688
7.875,11.302583134467776,34.02650783308985
6.0,9.56289529005313,31.743367182575
7.708333333333333,12.17442217969907,32.271310495446905
7.666666666666667,12.824831190041271,35.262970910437126
6.25,11.654603206889306,37.63824747417026
8.208333333333334,12.749587590839887,38.44004890239929
8.791666666666666,14.299527799396435,40.29422205081562
11.458333333333334,15.164507642908747,40.39117077272016
11.291666666666666,14.97366773864731,38.72188510189685
9.583333333333334,14.612352830294137,39.86799640880622
10.862499999999999,15.74193741385448,42.69552943206977
8.308333333333334,14.271412370115568,44.80853539394346
7.083333333333333,11.60653978874224,43.49958555973231
5.583333333333333,11.199269260381383,41.43522723636508
6.833333333333333,11.681596577726,40.98977518200618
10.125,15.549880605664073,42.24711282155805
8.958333333333334,12.912588648175573,41.46447474004541
9.291666666666666,13.066418546823655,37.69409439814765
10.208333333333334,13.869001502508782,35.26529942687557
9.625,13.228804017460972,34.10634084199713
8.458333333333334,13.464688803052391,35.85761169714154
6.75,11.950161098611346,38.4430598448592
7.0,11.929943031476817,39.41279664885111
5.666666666666667,10.779514736325195,39.345817213792884
5.791666666666667,11.231537879123723,40.04826421945073
8.916666666666666,14.488019973533577,42.365820381349586
11.458333333333334,17.375957121949757,45.124910031630854
12.375,18.42912613792045,47.69881970985917
14.041666666666666,19.93795820591399,49.820374013520386
15.541666666666666,21.642524608166607,51.961279512015686
16.25,22.494273270780457,53.89977161021206
15.291666666666666,21.68443325695458,55.41066276492322
15.416666666666666,21.851695212242266,56.401432226532556
14.875,21.42534593696155,57.295621184363135
13.791666666666666,19.533797390038373,56.432293573641566
12.791666666666666,18.505091232266388,54.206369584234885
12.458333333333334,18.1751901772159,53.13414563275885
10.666666666666666,15.994502324659232,51.56243495552918
10.875,15.843583944253679,49.473554565087795
10.583333333333334,15.920635363725815,47.17334381225205
11.35,17.205934013345516,47.21346408064283
15.233333333333334,20.989219969567085,49.220278085745456
14.708333333333334,20.81286895199616,51.45764707712049
12.5,18.55975553196315,52.93864283346287
10.833333333333334,16.62637034350865,52.64833611013515
14.75,19.89027263136352,51.5179532746479
15.520833333333334,21.06291008641483,52.02222142571879
13.083333333333334,18.319053750953195,51.81388178362376
12.375,18.179711156286107,51.60368159799204
12.625,18.466034393074313,51.906734608111435
13.333333333333334,19.53352222535397,52.49273023883163
11.5,17.615058861851754,53.41780308408414
11.708333333333334,17.718974876886602,53.776118073693546
12.666666666666666,17.31480346386289,51.56475283525435
14.958333333333334,19.82438226453091,48.47188792100834
13.041666666666666,18.37731047503443,48.21986597608751
12.625,18.173364913404097,49.1913368950214
12.166666666666666,17.68718074124559,49.988787621341366
13.208333333333334,18.653693584069106,50.39797912659694
13.541666666666666,19.06343536939161,50.89882852043971
14.416666666666666,20.133432954507747,51.31324163834364
14.875,20.805293950563513,52.63218613936778
14.625,20.44847741148222,53.641902599781844
16.583333333333332,22.867633212121415,54.54212505899894
16.916666666666668,23.156405972811907,55.9881881362
16.125,22.47552017836801,56.94824301470348
14.416666666666666,20.478995163037325,57.42146749236153
12.791666666666666,18.227667636524874,55.73052083274467
18.291666666666668,23.60857402123087,54.06567252044113
17.708333333333332,23.5975782590756,54.988619304006924
16.416666666666668,22.513235585993048,56.290067736569775
17.241666666666667,23.43006408670692,57.2328886718715
15.741666666666667,22.3238762040493,58.00436133133471
17.875,23.64572934902859,57.80925771317066
18.291666666666668,24.304520982748127,57.70037250589228
18.333333333333332,24.352488347761064,58.51381602802326
14.541666666666666,20.756273247536345,58.618742965851574
12.375,18.616975235210734,56.800889658155434
14.875,20.87347599374262,55.737366894994786
14.083333333333334,20.150648225934308,55.833958531170474
14.166666666666666,20.477825321986327,56.19324747257068
11.958333333333334,18.472721254033704,56.190336079964936
13.0,19.34410409865431,55.790992700890655
12.458333333333334,18.325187679097407,55.08494060596586
17.958333333333332,23.480525178281848,54.7138755358528
17.625,23.888744383763022,55.875389514336355
17.25,22.68592429556085,56.08917348890577
14.5,20.44553737984238,55.344241046547616
12.916666666666666,18.884359031584317,54.82155772686942
14.291666666666666,20.030792462091775,54.40357958480444
15.291666666666666,21.20083875736974,55.11310331500792
15.333333333333334,21.414936662938587,55.49697143727449
17.333333333333332,23.094435228358638,56.07657190474575
15.333333333333334,21.18182245460558,56.49863099314766
15.833333333333334,21.875532457530113,56.84184858749102
15.166666666666666,21.462663197510352,57.45482894976043
17.958333333333332,23.290511339635895,56.84049361691901
21.625,27.53938816278546,57.279250573245044
25.291666666666668,31.025167646034063,59.34442893274627
19.166666666666668,24.649675646487697,59.3336933277981
16.833333333333332,23.149015755360708,58.39644480461461
16.333333333333332,22.85560745672339,59.0069565544857
17.7625,24.042820030356776,59.28503899992638
20.625,26.816867501854123,59.96038471494493
18.541666666666668,25.115896569519183,60.959146919933595
17.166666666666668,23.65000286677923,61.03106258551107
17.541666666666668,24.207183584898214,61.12328787510342
18.458333333333332,24.64018639319195,61.439843070394176
16.25,22.216006871772652,60.74157584811811
15.166666666666666,21.159960149328743,59.28210552748671
16.166666666666668,22.088315110557144,58.39690530118644
15.541666666666666,21.092283800474863,56.93329806017283
17.666666666666668,23.428511354269897,56.19942524849065
16.875,22.6477255810341,56.75142991420049
14.791666666666666,20.713118574651734,56.45451565365895
16.791666666666668,23.15811309469586,56.64909704225184
18.958333333333332,24.887741438960834,57.71505273904037
21.0,26.10428295797816,57.49687182166039
18.25,24.097727413003707,57.56216984532202
16.708333333333332,22.34645167291353,57.22452843340102
17.458333333333332,22.700369013232784,55.75487394588918
18.416666666666668,23.96277327575667,55.70436036247539
15.458333333333334,21.49700875120641,56.69542247479482
16.25,22.36286498801326,57.09302661124722
18.833333333333332,25.05738247747742,57.92148438816155
21.583333333333332,27.400178592796816,58.89780853707149
20.5,26.457748205271226,59.756883927230085
21.166666666666668,27.065885591445618,60.45057392239909
22.333333333333332,28.617082652488122,61.00469696006161
24.083333333333332,30.472495462070345,62.27810245489399
22.625,28.831143023353643,63.338795530342814
19.333333333333332,25.23544197809244,62.57023361252748
20.874999999999996,27.376034826873525,62.03358720048962
17.583333333333332,24.278171790293054,62.39455925254507
19.75,26.281102279478656,62.429034380418635
19.875,25.772680566674158,62.25414475846021
18.208333333333332,23.790441677699633,60.70224955093473
18.416666666666668,24.80788205429707,59.859034766210954
19.5,25.5530855613716,60.157997991068804
19.541666666666668,26.034972609193286,60.52900986150039
19.666666666666668,25.894252858585443,60.80048856258435
21.208333333333332,27.56989757474292,61.32918517208123
20.333333333333332,26.051116049391528,61.30288023267726
18.291666666666668,24.95243347540436,60.83509731683995
18.5,24.716613526905522,60.87719693585399
18.958333333333332,24.486139253141754,59.56310346607952
18.958333333333332,24.07480021303778,57.331157477521536
17.625,23.78912766830035,56.566655135404055
16.791666666666668,23.163827559972546,57.36315148667138
17.833333333333332,24.244769082625044,57.91263357521088
17.583333333333332,23.801154552353285,58.825506788733826
17.958333333333332,24.01267304383562,59.00147213025037
19.041666666666668,24.221249687924367,57.54902214338937
22.125,27.704067858273547,57.00659027577864
23.208333333333332,29.123904737860553,58.73845882314807
19.625,25.328729486516263,59.51108248612852
15.75,21.28359206839224,57.4481173561061
16.208333333333332,21.50473255863268,55.16467380374201
18.208333333333332,23.017796043438143,53.66485937557767
16.75,22.4794568629146,53.67266993185774
16.916666666666668,22.912886613213416,54.913949307804224
18.291666666666668,24.46849787533188,56.20266668058459
17.833333333333332,22.662618080955667,54.81949222390619
15.5,20.351151814370407,51.63945303448374
18.425,24.235350783987716,51.419626090936525
17.875,23.903883030229043,53.79709204459392
18.333333333333332,24.630398581252468,55.571655029298796
16.916666666666668,23.0538596015485,56.526909040660975
17.125,21.870992827761956,54.34848546382751
16.875,22.520504773630588,52.74968769682474
15.208333333333334,20.775742579058136,52.92948014023537
15.708333333333334,21.255745957994424,53.01446542508396
18.833333333333332,23.70509129707437,52.456714993752406
18.083333333333332,23.29762752670774,52.32705192196369
19.833333333333332,23.52169537520206,50.628452143147115
14.375,19.451078653536637,48.14996121988793
15.083333333333334,20.663213349597342,48.558939609150436
15.125,20.322980174387865,49.50477901211886
16.591666666666665,21.859851230193414,49.99089112774623
18.233333333333334,23.78231818070177,51.542953300388916
10.512500000000001,17.107187470035047,52.62654085238788
12.441666666666668,17.70533346245029,51.402356635139775
20.066666666666666,23.77185275244486,48.85789922216717
19.833333333333332,23.21120226426109,46.59108302608673
15.083333333333334,19.340939244911578,45.6215093984104
12.208333333333334,16.885261693283095,44.99999910720231
11.3125,16.3428015371539,44.138285173846036
11.508333333333335,17.01545086800544,44.795337937507746
12.125,17.902140082844905,46.26428035266466
15.5,21.06506416515718,47.996732331356355
17.083333333333332,22.690859790391784,50.036373758259685
14.166666666666666,19.522043395758566,50.530383061278656
12.625,18.785687699091458,50.43413660572341
11.983333333333334,17.150664523945327,49.461279737643586
14.137500000000001,19.488395732269712,48.57018462922815
13.708333333333334,19.2996677755633,49.08057225880578
12.708333333333334,17.44169361313297,47.28875098958016
13.416666666666666,19.008350570494073,46.560626280750505
15.875,19.626966402814027,45.304202561440036
16.666666666666668,20.935190052048753,43.681628425586126
14.916666666666666,18.278411468980188,42.13346362576897
12.416666666666666,17.306486224269786,41.078421429916
12.3125,17.47978382186586,42.269790992759646
12.958333333333334,17.506759556799945,42.67356901472019
12.25,17.339692265916902,43.1719574717931
11.291666666666666,15.817884272120944,42.542394676144156
10.666666666666666,15.001194093704163,41.14918453880762
10.458333333333334,14.950092404433756,39.98863224907043
11.166666666666666,14.991682306253237,38.697799908406246
12.5,15.529019611751478,36.23280044552494
12.125,15.356623415406775,34.32116612654536
13.041666666666666,16.04159539757117,33.100307532033895
12.791666666666666,15.52473140852892,31.638746319039672
11.541666666666666,15.415654871698417,31.85539755504078
12.5,15.098620479043213,31.811471135505414
13.958333333333334,16.27055659646492,30.326958702732394
12.958333333333334,15.349389003578763,28.987693564790117
12.75,15.42570139194889,28.64596344826516
9.041666666666666,13.24888848788226,30.176984500803414
11.458333333333334,15.239612822461572,32.24753365848091
14.333333333333334,18.039877555282228,34.27312871635483
13.666666666666666,17.791202032490467,36.24467331651359
13.291666666666666,16.337904612003502,35.784936538452676
14.75,18.32239774928378,35.26558831979044
12.258333333333333,16.25224861157162,35.99928050665893
5.483333333333333,9.96422173646262,35.557877657548566
6.870833333333334,9.844048793808895,32.47322920921244
9.316666666666666,12.389184204909109,29.71811420261841
10.041666666666666,12.400018887024851,27.881261588304028
10.583333333333334,12.700968210757425,25.77048583755811
10.5625,12.413859418255646,23.92937419686464
10.375,12.300052047112487,22.580041609074005
10.833333333333334,13.795356067564024,23.926854280429982
11.625,13.750242514077252,25.12771992066894
10.583333333333334,13.699279265262232,26.5665970961724
11.0,12.982833141136943,26.62812505599302
9.791666666666666,12.618041874775718,26.352698438238335
8.708333333333334,11.537926758314699,26.700357652605273
9.125,11.823738698298444,26.20240129246344
12.75,15.28898304884998,26.70101576198262
12.958333333333334,14.993368481418953,26.67854269738231
11.25,13.238886706267017,25.517628651612515
7.125,9.179482031789487,22.947646148237425
10.25,12.371358514004209,22.038368890739175
9.75,12.26429646669022,22.874152019562263
11.291666666666666,13.651349623781085,24.236538517744965
8.75,11.585319174777338,25.553159414310233
4.9125,8.112568126862113,25.86825020088366
5.3374999999999995,8.152382904629873,24.991129083261935
5.125,7.790394353514206,23.86593176300592
4.791666666666667,7.908574958841548,23.607740642129954
6.125,8.103083025881796,22.129847506575516
9.875,12.067453092232041,21.59542961938935
6.625,8.563993345660693,20.86478734184091
3.75,5.730839813363254,18.560312122599175
8.858333333333334,11.019829565184383,18.87620236998015
10.083333333333334,11.857188805336227,20.27470265458999
8.833333333333334,10.744901351499907,20.802831841917108
10.583333333333334,11.955169325855216,20.06091335334327
12.625,14.259407689605345,20.553847569768827
12.75,13.825339379879582,20.614976391687623
10.083333333333334,12.249120980969705,21.506107904923933
7.583333333333333,9.396435318024723,21.155124933928153
7.791666666666667,9.40830854721755,19.81269504129313
6.666666666666667,8.330267902192551,18.494755751217482
3.9583333333333335,6.587676376135636,18.295639619488067
2.75,5.4191565886361195,18.355996188968977
1.9166666666666667,4.399048917363018,17.49542070948846
4.583333333333333,6.081409227654238,15.955123773256384
3.6666666666666665,5.282341411952345,14.559528781972453
2.8333333333333335,5.163968494735814,14.787746443762096
3.5,4.974202348876029,14.444683526708351
3.7916666666666665,5.681069423462467,14.07719430126357
2.875,5.35684652138488,15.11665954304653
1.5416666666666667,3.98296690948519,15.654927049355393
1.7916666666666667,4.162517349984127,15.710734228272
3.9583333333333335,6.574018989283885,16.286859868089262
2.8333333333333335,4.569071885236195,15.914152842769985
7.958333333333333,9.132158198809408,14.627777192195452
8.208333333333334,9.642834590623293,15.227613068881071
7.375,9.190001767504118,16.06221596808736
11.458333333333334,13.254698482507244,18.10754682466848
10.666666666666666,11.786194190104831,18.887454633057896
8.5,10.4500539039299,19.066680924513097
8.25,9.629730614009652,18.591799223518542
8.041666666666666,9.5121807797911,17.330866483809228
