0.37083333333333335,3.526066115882527,5.961254400880132
9.241666666666665,6.379769683033605,6.343148514919016
10.329166666666667,8.433608285409854,7.071630519601804
6.779166666666665,8.800815943762819,7.545022412730528
8.554166666666665,9.702347889299636,8.151003365262339
10.262500000000001,10.878728512969731,8.972324270194214
7.795833333333332,11.129778687019565,9.560096763119285
8.245833333333334,10.666190596198582,9.863714590325232
4.916666666666667,10.309100416888429,9.981388375831171
3.6875,9.44584395702732,9.822401532171959
8.600000000000001,9.512763524811032,9.771868232387508
8.012500000000001,9.91341573657544,9.903423735533769
4.941666666666666,9.000112282066313,9.679756752917305
4.2125,9.270620478071477,9.615896536551933
6.2749999999999995,9.31556204946496,9.65924182232567
4.816666666666666,9.777451901812313,9.709318816087814
5.170833333333333,9.792821874917086,9.79449859057342
6.241666666666667,9.19258185869165,9.659836628288376
6.370833333333333,8.948947071882865,9.506799635535758
2.779166666666667,7.936621450891738,9.098178458943881
7.466666666666669,9.303578676234139,9.222023219758647
6.345833333333332,10.019208718030457,9.63316216245399
5.3625,10.18620899604784,9.766605267933384
3.2708333333333335,9.663928564237056,9.807085281016324
2.0541666666666667,8.617965071943724,9.48823768025304
4.058333333333333,8.846513418676762,9.404693857716273
2.291666666666667,9.656502961449881,9.627504710952477
5.258333333333332,9.965572292547979,9.856294427872035
11.541666666666666,11.309273785034849,10.35899266066529
12.829166666666667,13.019077312627973,11.2124860054793
11.65,13.165502392046834,11.759103668718696
4.05,12.229175306192062,11.877257955900097
4.795833333333333,10.527166635093963,11.546547556541674
2.8958333333333335,9.477302691674668,11.01034397207541
6.941666666666667,9.387877300923696,10.698290463195768
5.283333333333333,10.806756769337172,10.876597118607398
7.645833333333335,11.145869709832807,11.122509928177125
9.316666666666668,11.071317030192374,11.15097708112473
2.3833333333333333,9.75887625137578,10.732937314405008
8.466666666666667,9.890028445962509,10.489572684420619
8.408333333333333,10.854442532901409,10.76227246093667
6.8625,10.635759938702327,10.800800379785636
11.729166666666666,11.162094504873854,10.966117441133655
6.066666666666666,11.596111991973842,11.234892308501436
3.8375,11.631088716418285,11.441792624523638
4.2749999999999995,11.735691016692243,11.63404930181379
5.270833333333333,11.070115030022592,11.606798869863615
7.675000000000002,10.673364894497139,11.426214156479803
9.879166666666666,11.965541923609498,11.715645713053872
6.312499999999999,12.128767927908418,11.988672403105186
7.875,12.767805580137036,12.300380755413682
10.016666666666666,14.041971393699493,12.964375176967705
9.966666666666667,14.652250899663327,13.558758350501243
10.35,14.60769157837737,13.935727894911844
8.395833333333334,14.866361141930762,14.283214566021329
8.979166666666668,14.820221088008852,14.570335668039027
7.620833333333333,14.696419234945994,14.695237851946322
6.679166666666666,15.176607360419766,14.970909414576822
9.083333333333334,15.435735301998553,15.299458241740785
9.358333333333333,16.87684065992312,15.894147370183314
6.166666666666667,17.540408574430355,16.5834532555487
6.708333333333333,17.535797268264336,17.031347467533973
6.625,17.212169653316423,17.272776835903368
7.375,17.599902172365383,17.55042716193815
9.166666666666666,18.704969206421996,18.11536822028182
10.958333333333334,20.157577934804007,18.89702395610917
10.083333333333334,20.343830026676553,19.50114036041555
8.208333333333334,18.31190089429642,19.240937624468355
9.25,18.890744154421956,19.264754811669032
8.5,19.75687128299645,19.662313099874833
9.958333333333334,21.106106914094273,20.300327323178237
8.75,21.759523937045376,20.94160956836397
6.041666666666667,19.08814417095604,20.580157280699442
6.291666666666667,16.515190728469875,19.56480100118678
6.916666666666667,15.988341060509798,18.780508125237102
8.416666666666666,17.46919055226593,18.736334142779768
6.833333333333333,17.834227198982937,18.79547493773263
7.291666666666667,16.42882812347086,18.326409719936077
7.333333333333333,15.682008292353316,17.738065775220637
7.875,15.71378101500848,17.46354386233014
6.0,14.31099781836368,16.734006734037163
7.708333333333333,15.323827979744271,16.568556394572962
7.666666666666667,17.689440323479577,17.23201982807257
6.25,18.04409896164878,17.673772115744157
8.208333333333334,17.725641066691292,17.867617479831953
8.791666666666666,19.042500224657186,18.431000188760862
11.458333333333334,18.79381023108808,18.76565512033284
11.291666666666666,18.23043801988535,18.732188668136484
9.583333333333334,19.295585939271152,19.12201723200435
10.862499999999999,21.220135334670204,20.034305514353843
8.308333333333334,21.372434727156488,20.62025155468227
7.083333333333333,19.307595692441257,20.43376975576896
5.583333333333333,17.758784741957435,19.76014995185829
6.833333333333333,17.463856832570723,19.42161559687385
10.125,19.436469175384694,19.749346294015286
8.958333333333334,18.695562161273276,19.771687307199276
9.291666666666666,16.692912230913,18.968092414279777
10.208333333333334,16.372613405885193,18.422133139632795
9.625,16.63239766309368,18.151525365346256
8.458333333333334,18.10192015906522,18.392566430958354
6.75,18.634641645157085,18.777053203708814
7.0,18.1466334385177,18.83100130188048
5.666666666666667,17.41405582230452,18.636237133646294
5.791666666666667,17.487984711573112,18.561061326115738
8.916666666666666,19.28571106494356,19.096895425326146
11.458333333333334,21.3157382482465,20.01963951138897
12.375,22.986648744485418,21.074782829671545
14.041666666666666,24.07960067874725,22.098895477718397
15.541666666666666,25.58396151246501,23.254979618274145
16.25,26.810900461009528,24.40234315754233
15.291666666666666,27.48813589548787,25.398398242964934
15.416666666666666,27.627392121913164,26.161661367899615
14.875,28.081040501395595,26.893348972037852
13.791666666666666,26.815637066095036,27.050441736011013
12.791666666666666,25.081000993915964,26.661611716420826
12.458333333333334,24.6649298532071,26.404146951555735
10.666666666666666,23.744528822139504,25.97948425084731
10.875,22.465378777024046,25.334549861904218
10.583333333333334,21.65570038784971,24.55637266856586
11.35,22.66134479006614,24.357505742186877
15.233333333333334,24.885875191837275,24.855818290987017
14.708333333333334,26.298911078950358,25.587752253194125
12.5,26.37862460241521,26.088272534263723
10.833333333333334,24.766961498401642,25.95266706253828
14.75,24.275382221101548,25.732583332245344
15.520833333333334,25.49835226028239,26.0241871594696
13.083333333333334,25.126651604881758,26.11938051166834
12.375,24.839025323165192,26.02270312998935
12.625,24.80982504509397,26.025113165439166
13.333333333333334,25.579209886714413,26.180467069057922
11.5,25.785930270309375,26.407619726803706
11.708333333333334,25.3037435332202,26.411447261300527
12.666666666666666,23.826718551543706,26.002749084424945
14.958333333333334,23.036143643275096,25.340285145870837
13.041666666666666,23.83214301385814,25.254962528484185
12.625,24.241689195192908,25.314177648458042
12.166666666666666,24.357110649704893,25.40330284673261
13.208333333333334,24.410599882548595,25.441455511812393
13.541666666666666,24.64269545770414,25.550239430618934
14.416666666666666,24.958378959068682,25.68581032361115
14.875,26.090714701851013,26.12972057480444
14.625,26.445916064200095,26.53802500831749
16.583333333333332,27.357824745132408,26.993152844975466
16.916666666666668,28.41777507199208,27.66527550423002
16.125,28.570231507978548,28.170979490216506
14.416666666666666,28.318857500847212,28.488906672159306
12.791666666666666,26.00758533733185,28.050536357879682
18.291666666666668,26.01253723016009,27.75353904418218
17.708333333333332,28.208570674094503,28.236409249490166
16.416666666666668,28.773350468528378,28.697879549516788
17.241666666666667,29.18640070243498,29.100742593203076
15.741666666666667,29.28267471607448,29.424771009635887
17.875,29.100623474184005,29.568426306743245
18.291666666666668,29.407669149151356,29.75877579445641
18.333333333333332,30.10887398535503,30.179493151120713
14.541666666666666,29.529912271141452,30.326783001503944
12.375,27.17781890207726,29.652267169016767
14.875,26.874524514571622,29.16733923726486
14.083333333333334,27.216145599476537,29.033989263562187
14.166666666666666,27.458102491269216,28.977994666612897
11.958333333333334,27.05724825112968,28.80207785681077
13.0,26.54577532893832,28.468187021501702
12.458333333333334,25.878989052319824,28.121583196337635
17.958333333333332,26.641757661133827,28.052364902189023
17.625,28.35518708494924,28.51544945504
17.25,28.48335769411393,28.822715592550196
14.5,27.564787878428607,28.696432970718643
12.916666666666666,26.489792713377465,28.383573105111754
14.291666666666666,26.30633063968379,28.12594782878902
15.291666666666666,27.090189260594112,28.247927339035915
15.333333333333334,27.395957931685768,28.35089871842621
17.333333333333332,28.137398750903305,28.612440695798565
15.333333333333334,28.015954781753596,28.80051159979791
15.833333333333334,28.073951816497587,28.91092494909853
15.166666666666666,28.404743519153428,29.12429440878525
17.958333333333332,27.861713879218858,29.075873960090377
21.625,29.639519445205575,29.540926494446058
25.291666666666668,32.416916287198056,30.683843901942836
19.166666666666668,32.11993707682701,31.325681797146142
16.833333333333332,30.308003625113106,31.121920754666178
16.333333333333332,30.322551081806342,31.215775066581987
17.7625,30.213615533926603,31.241310492293135
20.625,31.235087074754016,31.55553195063271
18.541666666666668,32.25159307911213,32.09898398780859
17.166666666666668,31.459763058708006,32.121900157681225
17.541666666666668,31.158450699518298,32.13245933649317
18.458333333333332,31.464047586698168,32.30014087111009
16.25,30.430734736674207,32.12204315338623
15.166666666666666,29.102143192691084,31.592202318092816
16.166666666666668,28.746391829128736,31.17717306659865
15.541666666666666,27.964535873455343,30.674308212665725
17.666666666666668,28.459890315891702,30.396828040869337
16.875,29.162527173256407,30.47697256239429
14.791666666666666,28.426915266410905,30.248099178246264
16.791666666666668,28.730244013914383,30.144007809083785
18.958333333333332,29.960723805637173,30.472448175078185
21.0,30.192697193919116,30.712963882164303
18.25,30.45755581258123,30.935407033466404
16.708333333333332,29.571188469649,30.84288722174422
17.458333333333332,28.39669793417326,30.43032193774681
18.416666666666668,29.134166444206727,30.405711743473237
15.458333333333334,29.462568993414724,30.54516646781866
16.25,29.151682141962,30.486706002488194
18.833333333333332,30.05459072309431,30.708215976637913
21.583333333333332,31.5205763781609,31.245768174030392
20.5,32.02203313474195,31.726772915368485
21.166666666666668,32.40992845233085,32.210208003338956
22.333333333333332,32.88790070377533,32.63438155226974
24.083333333333332,34.387476347572836,33.36792620209669
22.625,35.05734325658064,34.05991959926305
19.333333333333332,33.399566240681786,34.08759013357699
20.874999999999996,33.05613131016201,33.98939410886134
17.583333333333332,33.054940703598206,34.06000268975947
19.75,32.940548689093276,34.02634535858426
19.875,32.98228203646337,34.08598090256836
18.208333333333332,31.55038741105993,33.666844520366205
18.416666666666668,31.3673193810851,33.325765328153956
19.5,31.950764404826444,33.322150203246345
19.541666666666668,32.369060664178285,33.36773927370093
19.666666666666668,32.561262969781936,33.451962433366596
21.208333333333332,33.230420988423596,33.66979014881421
20.333333333333332,33.07808006190501,33.83338588071475
18.291666666666668,32.50802651845361,33.69183907943064
18.5,32.31219862408377,33.5979982378885
18.958333333333332,31.28153271897259,33.259001194473576
18.958333333333332,30.29371874887688,32.69462409915912
17.625,30.295753190419152,32.30412867233883
16.791666666666668,30.879551177805315,32.26737309471422
17.833333333333332,31.17049864262452,32.22425610513696
17.583333333333332,31.553783231883486,32.383279156743995
17.958333333333332,31.263492558099454,32.37217786684844
19.041666666666668,30.109968824497923,32.01275547756083
22.125,31.028833375321266,32.00556020341265
23.208333333333332,33.16687509097693,32.66911037744247
19.625,33.20978834292081,33.133031771651126
15.75,30.29613905735278,32.48441572947319
16.208333333333332,28.554797691081692,31.629795303538554
18.208333333333332,28.436122874759565,31.100388810384345
16.75,29.029563669980423,30.876018928319485
16.916666666666668,29.82514975410898,30.955335297442403
18.291666666666668,30.716639804678465,31.217022319543958
17.833333333333332,29.37080859342933,30.930950557892242
15.5,27.21051700710486,30.042845290896498
18.425,28.069299584836113,29.7325251522327
17.875,30.19289991354403,30.275041358608274
18.333333333333332,31.03041536077062,30.720683286534634
16.916666666666668,30.901079668226362,30.99848766849492
17.125,28.634049077864493,30.50824949881286
16.875,28.281839856261417,30.051597064010053
15.208333333333334,28.26485498395748,29.899487893770573
15.708333333333334,28.15291034137042,29.72576995109145
18.833333333333332,28.233750490516627,29.600816680777253
18.083333333333332,28.715204215521506,29.63482683651525
19.833333333333332,27.854079670111343,29.400973922725626
14.375,26.57940480699833,28.754594570149433
15.083333333333334,26.781184077994634,28.44444165377793
15.125,27.26555492109439,28.45879944299351
16.591666666666665,27.439435381406664,28.450958302611102
18.233333333333334,28.870588488167808,28.855031327716976
10.512500000000001,28.16341788761406,28.926775927863833
12.441666666666668,26.09704732788114,28.339713436485297
20.066666666666666,25.553436103522344,27.771197680112476
19.833333333333332,25.799677783564196,27.501191966583175
15.083333333333334,25.806576135896375,27.276443833320215
12.208333333333334,24.583205929141105,26.785983386555603
11.3125,23.613786879274425,26.119640581047268
11.508333333333335,23.92957937990357,25.80620473538295
12.125,24.778082682583605,25.807076765554083
15.5,25.970371462506034,26.126150507280638
17.083333333333332,27.58128791791134,26.812509306640603
14.166666666666666,27.234708048777176,27.139116691635724
12.625,26.30538155304298,27.004962268665924
11.983333333333334,25.041969350886607,26.6788354054149
14.137500000000001,24.938208818682096,26.38487055932544
13.708333333333334,25.699704389291096,26.491786500942776
12.708333333333334,24.17289513169447,26.028106946998506
13.416666666666666,24.385326878945335,25.71524618071155
15.875,23.87526036633059,25.486061308281602
16.666666666666668,24.045130371037132,25.234457483862528
14.916666666666666,23.270174827837575,24.925946105401778
12.416666666666666,22.761646427872424,24.449683232295573
12.3125,23.615431905779257,24.444999020780518
12.958333333333334,23.490391239304603,24.380231748025732
12.25,23.696830679802158,24.380937928706356
11.291666666666666,22.5304622406548,24.046089401736594
10.666666666666666,21.3853459094717,23.48429003429482
10.458333333333334,20.718996831833632,22.9134501140831
11.166666666666666,20.147702520729297,22.395801161246457
12.5,19.189741201767596,21.691858334355036
12.125,18.839235557774792,21.086481309849873
13.041666666666666,18.78763543525601,20.647438824661048
12.791666666666666,18.42116732088391,20.188743648101077
11.541666666666666,19.014198310385346,20.002320110750535
12.5,18.674985456032108,19.85468506656687
13.958333333333334,18.26608308059177,19.517490891948736
12.958333333333334,17.759261829758575,19.13046975444533
12.75,18.007049708941853,18.948740803063874
9.041666666666666,18.574833997133727,19.003482844601407
11.458333333333334,19.142219996880076,19.22880064773143
14.333333333333334,20.52450788524501,19.790133312870513
13.666666666666666,21.663498512090527,20.467113818154164
13.291666666666666,20.332599260006855,20.502526465564912
14.75,20.533198366676917,20.570211341749253
12.258333333333333,20.923200570204628,20.831913463824275
5.483333333333333,18.9920666652046,20.40866913708579
6.870833333333334,15.987855252597889,19.249270549858156
9.316666666666666,15.324716163749876,18.28821412679772
10.041666666666666,15.209801550362677,17.654305496527133
10.583333333333334,14.788188204227202,16.999320097548587
10.5625,14.41911543261813,16.41085174779015
10.375,14.222186108326838,15.912099125072347
10.833333333333334,15.781744741045557,16.02781970312609
11.625,16.09179409110908,16.23346867726529
10.583333333333334,16.88867303724675,16.525001176244004
11.0,16.204330705797418,16.57313914059649
9.791666666666666,15.955575375589389,16.44153105607608
8.708333333333334,15.55799162376996,16.351274542349927
9.125,15.023619213284093,16.081311101575242
12.75,16.16404699993346,16.252032757417584
12.958333333333334,16.44246435326005,16.43656592550904
11.25,15.861901694463683,16.331778134614193
7.125,13.491950891200295,15.470693469366708
10.25,13.765919535680341,15.080560933490672
9.75,14.530240028937817,15.089533558072153
11.291666666666666,15.570569282614402,15.392293351331768
8.75,16.007049832163045,15.701763952935204
4.9125,14.590041914748637,15.476333529739632
5.3374999999999995,13.025843618434832,14.897506947508305
5.125,12.307455786282006,14.331769160763423
4.791666666666667,12.202306192008566,13.91062475664999
6.125,11.100605686231184,13.286063035001298
9.875,12.319598432409686,13.15843947548594
6.625,12.046744121627109,12.999280065475084
3.75,9.955130257065123,12.131578231106138
8.858333333333334,11.262342677686805,12.013210310886059
10.083333333333334,12.773867482340542,12.431988851417081
8.833333333333334,12.936422786696783,12.666954136021928
10.583333333333334,12.31058093821178,12.586125085495913
12.625,13.850797977478267,13.022567500420578
12.75,13.845355444733952,13.305021131131491
10.083333333333334,14.741519780034606,13.75783940312288
7.583333333333333,12.95240693725255,13.552197056336722
7.791666666666667,12.015008505440472,13.160489971343099
6.666666666666667,11.149155935992496,12.665412557570447
3.9583333333333335,10.731720415891758,12.225307941441331
2.75,10.270644004888839,11.766029018342152
1.9166666666666667,9.110090007024903,11.066646232030424
4.583333333333333,8.35189842045227,10.392604559803136
3.6666666666666665,7.954682756667417,9.81332995566141
2.8333333333333335,8.21355108187055,9.499549051297864
3.5,7.691002390837437,9.114392396773
3.7916666666666665,7.700055137740239,8.808281986618082
2.875,8.422366753120581,8.840600651686799
1.5416666666666667,7.855787794830327,8.643156829610442
1.7916666666666667,7.7017460229807915,8.473389922710911
3.9583333333333335,7.916897282674232,8.372200765604049
2.8333333333333335,7.807191632869884,8.340730462675877
7.958333333333333,7.694095145586594,8.107744375868997
8.208333333333334,9.313919554361282,8.577046189812714
7.375,9.770162079088038,8.944966991544478
11.458333333333334,11.727501199440896,9.791381434486999
10.666666666666666,12.143418037413914,10.501265769579268
8.5,11.970377937515826,10.854051898754534
8.25,11.118535187669655,10.934071927239968
8.041666666666666,10.379075039238097,10.748253842568795
