0.37083333333333335,2.0582484891807518,1.8743319106267242
9.241666666666665,2.2109964795975805,4.575315930086408
10.329166666666667,2.420736449283575,5.383874351721292
6.779166666666665,2.600371003874995,4.353884499607388
8.554166666666665,2.8100011989057148,4.928106043316862
10.262500000000001,3.063871108742218,5.726254226266214
7.795833333333332,3.2923683408495115,5.135728617781823
8.245833333333334,3.478811913981639,5.262027124403823
4.916666666666667,3.641170930179063,4.278029166528769
3.6875,3.757873416602567,3.7864197872778647
8.600000000000001,3.879220882351003,5.462332367936411
8.012500000000001,4.029227156944166,5.578020130973691
4.941666666666666,4.120674917447592,4.573715641294127
4.2125,4.2379366150079205,4.247399698775669
6.2749999999999995,4.367225135452075,5.041083486053884
4.816666666666666,4.496727489137792,4.677036266850447
5.170833333333333,4.631227149962229,4.828468877503309
6.241666666666667,4.7213087909314675,5.253687662904752
6.370833333333333,4.8027233629331585,5.394938389402678
2.779166666666667,4.84018218413157,4.216998183032133
7.466666666666669,4.957573227161821,5.72857419368565
6.345833333333332,5.127474717625494,5.650583635040011
5.3625,5.252477546692029,5.335691895401555
3.2708333333333335,5.366634599145919,4.661037991887734
2.0541666666666667,5.416751321549058,4.198252604922765
4.058333333333333,5.499267709549058,4.868955263380383
2.291666666666667,5.637102786458648,4.461557925658038
5.258333333333332,5.773109672145513,5.464670002448127
11.541666666666666,5.945732716911375,7.8147065868393115
12.829166666666667,6.184099466315498,8.67906180288141
11.65,6.381171873723154,8.489294217478212
4.05,6.5250664728538865,5.847142828064825
4.795833333333333,6.591639470499623,5.886740754886222
2.8958333333333335,6.614954620110892,5.295416005134035
6.941666666666667,6.661227535441903,6.586751217305927
5.283333333333333,6.789678240153337,6.314470576192108
7.645833333333335,6.927286455494705,7.096313221356232
9.316666666666668,7.020655314853475,7.832207344308856
2.3833333333333333,7.045420747591599,5.593225339310684
8.466666666666667,7.082693617191571,7.321707583069593
8.408333333333333,7.205016091799496,7.685117417339004
6.8625,7.290569654921415,7.20577280979068
11.729166666666666,7.3905473417279035,8.827922673028924
6.066666666666666,7.519174210179393,7.233081125133957
3.8375,7.646766918663553,6.290671646814683
4.2749999999999995,7.773240574250763,6.431938262394193
5.270833333333333,7.859556919872108,6.842478673871542
7.675000000000002,7.910477056296657,7.726708544110246
9.879166666666666,8.036687958082256,8.655381542854826
6.312499999999999,8.17011327197614,7.64409827356504
7.875,8.312256042358563,8.081186939585498
10.016666666666666,8.517811714304491,9.0107485855919
9.966666666666667,8.718546053257134,9.207589847723801
10.35,8.889249896041758,9.442722545720843
8.395833333333334,9.063840397793582,8.903103596153587
8.979166666666668,9.232312237583866,9.127184452315957
7.620833333333333,9.375851789514218,8.771797389191848
6.679166666666666,9.550842336084024,8.519292231244442
9.083333333333334,9.734441642945066,9.3718383885277
9.358333333333333,9.966817423109912,9.821439357222399
6.166666666666667,10.23545378684569,8.780288600266132
6.708333333333333,10.468458884342416,9.052243548163748
6.625,10.670215809405649,9.085442191398062
7.375,10.878599773736935,9.504585007429535
9.166666666666666,11.137087847306963,10.429319561221117
10.958333333333334,11.439544832583877,11.224648648342368
10.083333333333334,11.720764366171927,11.130211332891221
8.208333333333334,11.854773026902897,10.453675448493065
9.25,12.030988364436835,11.084358884470213
8.5,12.279458277197397,10.770499277756343
9.958333333333334,12.568720758510047,11.603334403950933
8.75,12.868847789794287,11.4692972975091
6.041666666666667,13.001330196993514,10.375249688729108
6.291666666666667,13.001768707707434,10.470296221969816
6.916666666666667,13.022873613634466,10.689379998197849
8.416666666666666,13.159344967354365,11.260182988990756
6.833333333333333,13.309524819366203,10.946551871181882
7.291666666666667,13.359086013774037,11.073213956392486
7.333333333333333,13.37601946368723,11.011568744009251
7.875,13.43410967295135,11.422509095870177
6.0,13.40558146081174,10.653901020982854
7.708333333333333,13.463182679975793,11.128464997802611
7.666666666666667,13.663131414090621,11.509629766917058
6.25,13.83656569224923,10.96260461588362
8.208333333333334,13.96499329374788,11.695496484038918
8.791666666666666,14.161628883908143,12.162911621867702
11.458333333333334,14.321345160897367,13.114461101016596
11.291666666666666,14.4123923718982,13.315892646540563
9.583333333333334,14.58638418968552,12.67342924192896
10.862499999999999,14.858250193228402,13.495580138425765
8.308333333333334,15.094032249477165,12.495983776273581
7.083333333333333,15.196568605590242,12.24205138961564
5.583333333333333,15.20748946479751,11.59130075398766
6.833333333333333,15.265179441597711,11.947080320262438
10.125,15.426969276218122,13.379119170263136
8.958333333333334,15.540664607279231,13.07652583015446
9.291666666666666,15.50008543567821,13.110274537526706
10.208333333333334,15.488347502935973,13.433249112856267
9.625,15.512533089398502,13.383873228202589
8.458333333333334,15.62494238814132,12.993661362992171
6.75,15.770250920834778,12.362189524938634
7.0,15.858137231576213,12.470621793129496
5.666666666666667,15.901025962011117,12.11152548179347
5.791666666666667,15.964045048135349,12.07746810940318
8.916666666666666,16.130859418932634,13.300591769068392
11.458333333333334,16.370783651190624,14.42549549718499
12.375,16.645840160583777,15.052210321154808
14.041666666666666,16.930791843308775,15.740099398467754
15.541666666666666,17.25273498549907,16.59880616370386
16.25,17.59100705580678,17.07765090577722
15.291666666666666,17.922355494542504,16.995940257806048
15.416666666666666,18.229215690015934,17.133500039230196
14.875,18.54176056059261,17.255902603662935
13.791666666666666,18.762133456683454,16.9801269859218
12.791666666666666,18.884024931198304,16.584363381009865
12.458333333333334,19.021250213916577,16.53756613824265
10.666666666666666,19.124340784928275,15.97695221378204
10.875,19.177048053863494,16.021549408518272
10.583333333333334,19.18838342257522,15.929877512315672
11.35,19.287163661870693,16.289017086393237
15.233333333333334,19.49895244742184,17.74755520515333
14.708333333333334,19.75640882350556,17.845931604495966
12.5,19.984363562337247,17.311020768970252
10.833333333333334,20.108146809873862,16.586114513275273
14.75,20.202608140491154,18.070381850690065
15.520833333333334,20.38395074746693,18.473766537794983
13.083333333333334,20.53440257721191,17.83002117345511
12.375,20.651244817044752,17.554470943335684
12.625,20.784095385503036,17.65960877558908
13.333333333333334,20.939287135324324,18.098752816992974
11.5,21.112700486954797,17.575126299355453
11.708333333333334,21.247507958027928,17.54433641372811
12.666666666666666,21.302641870867273,18.030981510825402
14.958333333333334,21.29618324087054,18.834552831214676
13.041666666666666,21.378675090973772,18.35822111966544
12.625,21.486984990525936,18.09052548418285
12.166666666666666,21.598882000710883,18.02941008225708
13.208333333333334,21.697959049051477,18.47909828224025
13.541666666666666,21.808487840280378,18.64857043078008
14.416666666666666,21.9218548077794,19.02869742248576
14.875,22.091761539854815,19.357930795008595
14.625,22.26302785945857,19.36531031501863
16.583333333333332,22.44439643971542,20.188248555205668
16.916666666666668,22.6711826435352,20.532683993494334
16.125,22.879043141096485,20.29791477891091
14.416666666666666,23.060136177141644,19.94732667709103
12.791666666666666,23.11464314315279,19.134147276033897
18.291666666666668,23.172190685205123,21.167475763230794
17.708333333333332,23.362488357872905,21.404032314909486
16.416666666666668,23.562648918475634,20.837977431516858
17.241666666666667,23.756153348222373,21.257118947470833
15.741666666666667,23.942704796151958,20.849735370033788
17.875,24.093704154515066,21.725406638628872
18.291666666666668,24.253528449546764,21.981063413172418
18.333333333333332,24.45925422574655,22.14189185589152
14.541666666666666,24.623777035628464,21.022687539917467
12.375,24.64394812884741,19.982693115341018
14.875,24.679387678025567,20.941946557447874
14.083333333333334,24.770636282574376,20.73591453881178
14.166666666666666,24.87068483425695,20.808332535024636
11.958333333333334,24.948213471059503,20.14596068872279
13.0,24.991391084966335,20.38746635870033
12.458333333333334,25.02254805793184,20.22927067126584
17.958333333333332,25.083627059603202,22.24899272529784
17.625,25.241119979964292,22.330629065051294
17.25,25.373748737690523,22.381275373033024
14.5,25.43472115776467,21.452662255217273
12.916666666666666,25.465622976546523,20.701022984671088
14.291666666666666,25.497142135422674,21.19808736933864
15.291666666666666,25.59052267821789,21.65720812325083
15.333333333333334,25.679164263796363,21.74802950851064
17.333333333333332,25.790607358786,22.58187638936386
15.333333333333334,25.89624814929331,21.924311216190763
15.833333333333334,25.989909952646347,22.134554709634113
15.166666666666666,26.106460630814897,22.036704992219047
17.958333333333332,26.17290062919788,22.822731007241842
21.625,26.3202774554827,24.447620568144398
25.291666666666668,26.59248578048535,26.012209940925203
19.166666666666668,26.79935843375561,24.286785457087444
16.833333333333332,26.874280095807347,23.02694070862979
16.333333333333332,26.999790531169797,23.01821670911608
17.7625,27.11043834188516,23.48733036097478
20.625,27.26665563739473,24.607420669017134
18.541666666666668,27.468038456296046,24.31524293327898
17.166666666666668,27.588528257731667,23.660524866159705
17.541666666666668,27.70519560314986,23.788121758373567
18.458333333333332,27.844207850004114,24.350563225885097
16.25,27.92423486132007,23.578521125848297
15.166666666666666,27.937927107659593,23.126913039421378
16.166666666666668,27.960477013442127,23.437813821345983
15.541666666666666,27.9583277505654,23.234588544157123
17.666666666666668,27.980474844985064,24.064712489736028
16.875,28.062438890681946,23.898600733295297
14.791666666666666,28.09182215906813,23.058279933147535
16.791666666666668,28.135794716987835,23.740199172821136
18.958333333333332,28.25128068430925,24.66240274057442
21.0,28.348961908743945,25.49990044683663
18.25,28.449105994335653,24.73048452360513
16.708333333333332,28.500324060119464,24.076885293576595
17.458333333333332,28.488925100807332,24.269982719050333
18.416666666666668,28.53796747593422,24.728424720957634
15.458333333333334,28.622857857773553,23.722709816954623
16.25,28.6727414481889,23.860593921104257
18.833333333333332,28.765322286310262,24.90793377021345
21.583333333333332,28.908194599669475,26.1850130375673
20.5,29.05447408751147,25.787926310817564
21.166666666666668,29.207253363308666,26.177954170538744
22.333333333333332,29.354431394411577,26.58133401925414
24.083333333333332,29.561843128132796,27.464048222009655
22.625,29.77672274164531,27.18907984263203
19.333333333333332,29.887257308138818,25.994359070546363
20.874999999999996,29.973854444225424,26.49318248725636
17.583333333333332,30.096917210579154,25.438879205633587
19.75,30.197283996098765,26.145943843436957
19.875,30.30664753867202,26.455609438123275
18.208333333333332,30.330961818996517,25.78209617034874
18.416666666666668,30.36169060987162,25.830748579587247
19.5,30.444687246324545,26.262136640895033
19.541666666666668,30.5337571556007,26.33675805181521
19.666666666666668,30.627935460510958,26.457520353485524
21.208333333333332,30.743729446789185,27.07765118136471
20.333333333333332,30.85169756716084,26.95404427344586
18.291666666666668,30.909740248145827,26.191283559128465
18.5,30.974953383876397,26.234913965840146
18.958333333333332,30.990343705724673,26.41025546183356
18.958333333333332,30.954094184219198,26.488368299054756
17.625,30.944247279869685,25.870911995808523
16.791666666666668,30.993459952061556,25.64479723090263
17.833333333333332,31.035884551686724,25.95849371612985
17.583333333333332,31.112491278785743,26.036656302562932
17.958333333333332,31.158516713794786,26.21118622529639
19.041666666666668,31.138140231570787,26.419765980811054
22.125,31.166418061825013,27.674567608437314
23.208333333333332,31.31643166980173,28.19621273419787
19.625,31.442721077417087,27.210747168607895
15.75,31.384164962771806,25.511618589404822
16.208333333333332,31.27772375376985,25.496764426290046
18.208333333333332,31.20916325196445,26.309541847138306
16.75,31.18996593814194,25.754558934306303
16.916666666666668,31.22367277740514,25.74958708309319
18.291666666666668,31.28664281825552,26.32329545220347
17.833333333333332,31.25231693784367,26.186642491316537
15.5,31.10522033444799,25.28708038781564
18.425,31.047861410796685,26.104570069502106
17.875,31.14008491658538,26.174090443570204
18.333333333333332,31.222093108736036,26.313012904360207
16.916666666666668,31.282029203997183,25.894974403995977
17.125,31.20866547890435,25.83385933426483
16.875,31.132750072724146,25.78130243381722
15.208333333333334,31.109008430288615,25.091429588584457
15.708333333333334,31.07758987060031,25.213386223811266
18.833333333333332,31.043176846878126,26.331097480627296
18.083333333333332,31.035502028608118,26.152382070572667
19.833333333333332,30.978965718451775,26.70546174033083
14.375,30.85223617069498,24.829540280710333
15.083333333333334,30.779353805133397,24.7182466415794
15.125,30.75619910475831,24.86508648814981
16.591666666666665,30.72634170484078,25.321227775053682
18.233333333333334,30.768726125534542,26.024258399660805
10.512500000000001,30.77483938491905,23.29998164691635
12.441666666666668,30.658525597361052,23.6809348105002
20.066666666666666,30.51959954463473,26.300693684159793
19.833333333333332,30.424126528098146,26.372822897323548
15.083333333333334,30.340086826106617,24.806378365177235
12.208333333333334,30.213195619620972,23.465117666147993
11.3125,30.049349567335852,22.961634914773303
11.508333333333335,29.940140608550465,22.92199265536155
12.125,29.88147070496048,23.106429576072614
15.5,29.874253960854265,24.25849335823435
17.083333333333332,29.935018906838597,25.030054891066527
14.166666666666666,29.946313818091454,24.192916404542647
12.625,29.88928497602869,23.3037457631398
11.983333333333334,29.796749479771734,23.073466145272295
14.137500000000001,29.701006646316028,23.731038814769764
13.708333333333334,29.67597523989752,23.65056130904128
12.708333333333334,29.54954529909941,23.171386898625148
13.416666666666666,29.442152868129153,23.334314016172268
15.875,29.340968712097748,24.126337947707913
16.666666666666668,29.22643187681848,24.493516955162793
14.916666666666666,29.103818630320376,23.7773818909524
12.416666666666666,28.95177769116968,22.741231929212294
12.3125,28.88085819424519,22.585489727159082
12.958333333333334,28.797000919219638,22.75506417458016
12.25,28.72510228867115,22.57600348739069
11.291666666666666,28.598382631240167,22.01849530374049
10.666666666666666,28.4254871193579,21.69858646478353
10.458333333333334,28.243609429097717,21.471037726063756
11.166666666666666,28.060833060975366,21.62149053666701
12.5,27.832479422093574,21.98983637400578
12.125,27.611090615215492,21.734853675001858
13.041666666666666,27.408730659411507,21.915018545449627
12.791666666666666,27.19584267057385,21.752440294874337
11.541666666666666,27.030102300519477,21.16226582265208
12.5,26.869239391726264,21.307032991631804
13.958333333333334,26.66646035798962,21.89496294356854
12.958333333333334,26.45565375536536,21.327556478886844
12.75,26.277256810682108,21.22784392330038
9.041666666666666,26.151223676209586,19.76493920666791
11.458333333333334,26.05795993987599,20.33467872512977
14.333333333333334,26.02347180609208,21.500818679629248
13.666666666666666,26.022502995223046,21.44560920158661
13.291666666666666,25.922800135858164,21.062130518922377
14.75,25.826937685572457,21.624551215780063
12.258333333333333,25.777775157168975,20.809133660864905
5.483333333333333,25.626231717173894,18.14839223953776
6.870833333333334,25.334941684354007,18.205383634079915
9.316666666666666,25.053972560720386,19.011255767836
10.041666666666666,24.814754395056934,19.192399935922285
10.583333333333334,24.559752229517684,19.24245745951619
10.5625,24.30697880620015,19.076744618014143
10.375,24.061538266512766,18.870253799782514
10.833333333333334,23.920418857769604,18.953631473617577
11.625,23.79967788459702,19.075889929576192
10.583333333333334,23.700899320249608,18.752650743587814
11.0,23.567038613369572,18.846828365337505
9.791666666666666,23.405752442356413,18.309138095025144
8.708333333333334,23.258462790857745,17.695533077267488
9.125,23.07737921958397,17.711642787407516
12.75,22.966355340084153,19.050738467689843
12.958333333333334,22.863293881108863,19.065892480571765
11.25,22.713950287876262,18.558243746914766
7.125,22.441583694956325,16.544765952382445
10.25,22.23300364835991,17.727744784022565
9.75,22.09635430220727,17.32999532801289
11.291666666666666,22.010200153664247,17.93800284874767
8.75,21.936587370183755,17.132246835758373
4.9125,21.785510644687374,15.440109677533313
5.3374999999999995,21.569473090708783,15.331894507762295
5.125,21.347084816714816,15.251157626183067
4.791666666666667,21.14545957899218,14.918449062658214
6.125,20.899761448480103,15.102530877746814
9.875,20.72325543275126,16.564652409219875
6.625,20.546756400048096,15.434818046006898
3.75,20.248377653055847,13.98105604995686
8.858333333333334,20.064207345758785,15.684564463582056
10.083333333333334,19.975237866066333,16.205410421216154
8.833333333333334,19.863663833227864,15.692514632140535
10.583333333333334,19.700547948024646,16.032145299247357
12.625,19.624931596089183,17.083770563806112
12.75,19.53596717860741,16.818107848696943
10.083333333333334,19.486221709025774,16.198443836780392
7.583333333333333,19.340850671877124,14.751458114923695
7.791666666666667,19.15603152276532,14.955913138938444
6.666666666666667,18.952387692212653,14.346171225683277
3.9583333333333335,18.75908023687025,13.206501432095445
2.75,18.559135759420315,12.593431079871005
1.9166666666666667,18.310701652548286,12.067929357430875
4.583333333333333,18.050684624647282,12.851672557451018
3.6666666666666665,17.798309714320258,12.5107856005233
2.8333333333333335,17.58933629610904,12.029388341426232
3.5,17.363443038363446,12.006147711990321
3.7916666666666665,17.14473046988205,12.069212637974651
2.875,16.986751377802644,11.749269227215605
1.5416666666666667,16.796147283312163,10.884897247065688
1.7916666666666667,16.605123561882106,11.122885289346769
3.9583333333333335,16.428428473954497,11.395141830294149
2.8333333333333335,16.261116636896467,11.339786350064879
7.958333333333333,16.05228367667241,12.742389672336246
8.208333333333334,15.965807661563675,13.14195396398506
7.375,15.877432190049047,12.539599451870423
11.458333333333334,15.876801392930838,14.0734767162592
10.666666666666666,15.869508986062746,13.956597266147634
8.5,15.81782726722136,13.120934050485516
8.25,15.72991066519067,12.894788870738042
8.041666666666666,15.597890421330469,12.708457723495995
