720,12.3,12.41968572805985,14.666765524923704,14.554640582909238
721,11.2,12.174404821912296,14.646320947044067,14.50035156171309
722,11.1,11.232250636302016,14.616894047168946,14.44639497040455
723,11,11.133014826805297,14.58641624297603,14.392450652675805
724,11,11.038871782116026,14.55491768463731,14.34025330996873
725,11,11.038530381393477,14.523230607376021,14.289242850063891
726,11.1,11.04328074615202,14.491385035151785,14.242693652542211
727,11.3,11.150260617614027,14.460245072124618,14.202002537853392
728,11.6,11.365255888674886,14.434995373258076,14.185620946230486
729,11.9,11.678689704731907,14.42277790744233,14.213721745715086
730,12.2,11.993969262479416,14.42518558772826,14.276872497667322
731,12.5,12.305166510294065,14.439974025842304,14.36068385552658
732,12.8,12.604660883689622,14.45996996410886,14.449744365197395
733,12.9,12.872277456167613,14.47714234830151,14.525435507072851
734,13,12.954479918782319,14.485842046444478,14.572434616363303
735,12.9,13.025192471222878,14.484914447966,14.57722696622911
736,12.8,12.913671318701288,14.475651980766173,14.549307851710536
737,12.6,12.804733929272336,14.464367714496728,14.515399589374809
738,12.3,12.596314803174087,14.451166105968296,14.477592913661391
739,11.8,12.27395230614741,14.435253797434122,14.432893999607193
740,11.6,11.815108814453074,14.415030894944955,14.386632228241231
741,11.4,11.61704305162812,14.392888245997977,14.338376425304805
742,9.6,11.13069569141646,14.368839029606761,14.261852466122622
743,7.7,9.325543087957302,14.33007974049892,14.15754824525853
1392,4.8,5.175843018161021,14.258579010055199,14.638150576308485
1393,8,5.580344726348797,14.193963898275467,14.517827110249035
1394,7.9,8.062078321455349,14.15322757328566,14.399792251755967
1395,7.8,7.962719921415849,14.11043064050973,14.28476709329424
1396,7.8,7.868396323320418,14.06569425399957,14.174156206164117
1397,7.8,7.867911442885112,14.01993220459324,14.067664359416852
1398,8,7.880952899851714,15,15
1399,8.3,8.109107162949323,14.951982643184111,14.912313689380891
1400,8.7,8.46448812435355,14.934574283368441,14.89000746501908
1401,9.2,8.916523100134524,14.946579544728126,14.931647290754055
1402,9.7,9.454139760102805,14.98914228556052,15.00877158192716
1403,10.3,10.115829763712428,15.128844733375715,15.106188007860043
1404,10.6,10.47716436045096,15.153010209029993,15.189524260868241
1405,10.9,10.831212188760235,15.21535084256505,15.289868607283596
1406,11,11.01530848309429,15.222615983515988,15.341562825041203
1407,10.9,11.077797844518479,15.215403284549982,15.347907258427966
1408,10.7,10.946813162041698,15.193354447296405,15.299253553346473
1409,10.3,10.71274049171724,15.16113120252149,15.21468701634806
1410,9.9,10.316705312689848,15.124999888389166,15.126766881737604
1411,9,9.842868154023797,15.085001996702385,15.027308544136144
1412,8.7,9.041998339515786,15.037173283709407,14.926634650302868
1413,8.5,8.755210278729455,14.986312650216982,14.826177675978453
1414,9.3,8.666861120053625,14.933277751622875,14.741330889866244
1415,9.9,9.425266202920962,14.886123778838481,14.667934876378375
2136,13,12.166927947692033,15.155161040540827,14.795221397764458
2137,13,13.02335895911606,15.131190141067712,14.775762726835445
2138,12.6,12.986903922481925,15.107496829630016,14.749316911799088
2139,12.2,12.590969712092777,15.080860434341565,14.716283384504372
2140,11.8,12.195007697707457,15.05122779729373,14.677000733103878
2141,11.4,11.799009029996053,15.018554307977153,14.631661526622326
2142,11,11.411271131241234,14.987867362537513,14.600759887662171
2143,11,11.074598688876916,14.968444671712497,14.623760524548365
2144,11,11.175763472558765,15.011983466173156,14.721324437912545
2145,11,11.26841811741387,15.112626146147905,14.811330037445611
2146,11,11.300119532927392,15.230976256710173,14.967329148437427
2147,12,11.517235762415787,15.399964437091239,15.11076411850853
2148,12,12.385830183999502,15.581111478663214,15.266562877815868
2149,13,12.516384985397362,15.757995495138939,15.39820634040429
2150,13,13.314861026015551,15.903494145272756,15.525739294158615
2151,12,13.094907366936358,15.993026553565041,15.619433440753838
2152,10,11.793807443195604,16.016720560183664,15.638362359767127
2153,11,10.222886275945143,15.978000810217985,15.616935222726905
2154,11,11.05395463040498,15.932358186756883,15.547675596763717
2155,8.2,10.493536573979805,15.886574880086483,15.434718154252977
2156,8,8.269722363766007,15.818273764353803,15.321575493649318
2157,7.8,8.071149920583293,15.748030929938299,15.20876767200138
2158,7.2,7.8216874756513155,15.67590857036199,15.091191347986316
2159,6.5,7.21176767517296,15.598793476412814,14.969495528305051
2856,9,9.949045462886533,17.39883685953378,17.389732800111403
2857,9,9.091031752678248,17.334272965293703,17.258775023182206
2858,8,8.958325899036,17.26882467334602,17.114346766630472
2859,8,8.100461214974583,17.1945682618205,16.97711638729317
2860,8,8.099656378376155,17.119572843674337,16.841290701502064
2861,8,8.106522948183674,17.048580050913863,16.731542470619665
2862,8,8.116197490740547,16.983706772200343,16.649489789345623
2863,9,8.263912770564495,16.928919866853555,16.625019668886964
2864,10,9.26787682910102,16.89240816382353,16.654154958763186
2865,10,10.179563813937634,16.89869546066499,16.790808431249147
2866,12,10.686624220707223,17.00375134262735,16.977036894474367
2867,13,12.496919755385786,17.1550079299083,17.11904518232535
2868,14,13.497568151604561,17.31865037868732,17.2763874719136
2869,15,14.468461132866192,17.476447848763932,17.438645201670305
2870,16,15.410725735919735,17.611185920386276,17.604540983464027
2871,16,16.202299892113444,17.7116460086004,17.740035151176443
2872,16,16.124325336711138,17.763763085033062,17.84877626704458
2873,16,16.058256034653898,17.775949611821623,17.904056072963545
2874,15,15.899892606186281,17.772035960109577,17.881458046868495
2875,11.5,14.272906750124612,17.75308668980343,17.773402626520667
2876,10.2,11.377062198612544,17.705589822531206,17.649974634670013
2877,9.5,10.201779958163907,17.64690981854006,17.521275653433744
2878,10.2,9.66788856389493,17.581856678070842,17.409836638029276
2879,11,10.376044225644028,17.521706912710656,17.315307673056925
3600,14,14.414975053631027,22.200335616419835,21.91999780938903
3601,13,14.269678772185392,21.911087416833663,21.34489856178734
3602,13,13.435336630905724,21.591331380958344,20.816884150279584
3603,12,13.288538885162751,21.27830107138492,20.26519305552386
3604,12,12.459726964245265,20.940506314574623,19.772923833728463
3605,12,12.46525466740916,20.624636740943814,19.374409548020942
3606,12,12.469144433572145,20.32977196600405,19.0513412664315
3607,13,12.599356414820788,20.052570313084892,18.84769854997845
3608,15,13.808368949877877,19.85456115463029,18.809253301059112
3609,17,15.767240790779493,19.776834632963684,18.926164519307314
3610,19,17.719586748565625,19.808265809325807,19.18012710364542
3611,20,19.440511774038804,19.9326858115118,19.499612289986057
3612,21,20.387176515080526,20.08505442131894,19.91654080957948
3613,22,21.348312530948384,20.273817531627095,20.293985870333504
3614,23,22.271265598724536,20.471765457970054,20.681733972813827
3615,23,23.039568262031654,20.663184618373915,21.01598583181385
3616,23,22.983235728293593,20.810827891373968,21.29760890070527
3617,22,22.81291804678019,20.92709232526459,21.45108558724551
3618,21,21.84381107167106,20.991213209447388,21.46858699208954
3619,20,20.87476542873037,21.004661883214457,21.368338705647233
3620,19,19.918942987756445,20.977526329454914,21.199737636940643
3621,17.8,18.92807826313485,20.913822604208722,20.967953062663984
3622,15.8,17.60614141401073,20.80734838013383,20.62551000147022
3623,14.2,15.790969691772117,20.630518090926966,20.20873164592878
4320,16,17.015963564771635,19.892266933788786,19.435316180690094
4321,15,16.05932200363735,19.748265109963704,19.158743807833417
4322,14,15.101004485025037,19.57191962540498,18.839468951387335
4323,14,14.27220703870765,19.364133259783383,18.54692348504137
4324,13,14.137764612200643,19.16589671967737,18.22778380924107
4325,13,13.328727389258981,18.950106773068825,17.984638625232865
4326,13,13.340473649682526,18.75482373379125,17.812323001704563
4327,14,13.482677871503657,18.579263668220285,17.76660051565623
4328,15,14.465558631248047,18.471848362432034,17.807712008217933
4329,16,15.470333895209157,18.44191382993014,17.952619469166198
4330,18,16.686671415892576,18.482152676281306,18.26260462677794
4331,18,18.29192664528262,18.624911008767487,18.49348905692214
4332,18,18.310464793615807,18.771630238753545,18.691115700036473
4333,18,18.303545618279326,18.905729803208636,18.869197694132584
4334,19,18.40144711080603,19.012218075107935,19.095954894751593
4335,20,19.297246125074555,19.115150416071007,19.34788595830467
4336,17,19.45007961516541,19.212815846874296,19.352158877150323
4337,18,17.292781925009717,19.17233198831754,19.391447901833534
4338,19,18.220354540315824,19.15632879166905,19.43882011797832
4339,17.8,18.847499864580033,19.161897237110814,19.342098332472165
4340,17.5,17.84291124111485,19.11860093443542,19.215121835951184
4341,17,17.530212848550274,19.06469249808787,19.066259451323152
4342,16.2,17.005596059303212,18.99339115272888,18.877518579265143
4343,15.5,16.257533148813557,18.89446087456948,18.65900470149695
5064,17,18.08473973043575,22.2415797127905,21.69886835129027
5065,17,17.25606882146386,22.049154552627538,21.41009128989967
5066,16,17.116244292593297,21.86137890255679,21.07790812233288
5067,16,16.28634809923205,21.642526762386893,20.772010095523548
5068,16,16.276577965084243,21.429993959708515,20.492316974251217
5069,17,16.412034452413042,21.23261431953255,20.334606535352933
5070,17,17.246899846592157,21.092194578716157,20.245314596201762
5071,18,17.394156845308455,20.972095691798675,20.283767954834666
5072,19,18.392320534980403,20.926430494947102,20.40615647098816
5073,21,19.62532950769565,20.96250044691909,20.658227956033368
5074,22,21.371931252425224,21.106455054676825,20.967019109511618
5075,23,22.36874388728677,21.307138295802712,21.33008281306974
5076,25,23.560774020511655,21.54939087726092,21.792176295950654
5077,25,25.117588687119962,21.848567011428752,22.20777966519054
5078,25,25.092314062905853,22.11545133922941,22.584613500439982
5079,26,25.173198968843757,22.337895286304196,22.974293651280288
5080,26,25.93413058250213,22.54679657689952,23.310960714989744
5081,26,25.881226873480273,22.712577563096076,23.578260846004923
5082,26,25.863099130615314,22.85871528579077,23.76757729605216
5083,23.2,25.30291590843307,22.988283876477322,23.70753842377442
5084,22.2,23.060361506109285,23.01058281448206,23.584029770411952
5085,21.2,22.11016426110966,22.994514569874106,23.408117738063023
5086,19.2,20.943603606660698,22.941113727299353,23.117668624004956
5087,17.2,19.03767813759423,22.81549981521716,22.72260917627215
5808,17,17.10048553726602,18.98654867131926,18.95443887327782
5809,16,16.966511683518707,18.917248767974797,18.761705632680187
5810,16,16.142517426971363,18.813212852926657,18.586064997457537
5811,16,16.137434922151055,18.71128531551083,18.42484511716876
5812,16,16.13245541867864,18.611649103491978,18.276693058294885
5813,16,16.129430914059817,18.51557486947519,18.143933495823777
5814,15,16.014717813819,18.434708338639823,18.005734538203413
5815,15,15.207816946346215,18.33155264164835,17.920890048948735
5816,15,15.22926254978371,18.24852316002921,17.899017082283287
5817,16,15.379410282530767,18.183831819344576,17.99198093956549
5818,16,16.213535418890658,18.16966766509124,18.109834651463995
5819,15,16.09126340769017,18.164354418431124,18.168175371126793
5820,15,15.271044198065884,18.126231411155402,18.22081910651674
5821,15,15.26074144887468,18.086155891814506,18.247830592628596
5822,16,15.373470255561632,18.03894709942593,18.301051465926637
5823,16,16.168193908730725,18.015848014239698,18.296695066578323
5824,16,16.139765866009032,17.977259277942373,18.23424835098252
5825,15,15.982406772444124,17.9244208718777,18.053022713119947
5826,15,15.144710868292366,17.827166969377913,17.851704738690625
5827,15.2,15.151455973349115,17.72998662768968,17.676489127589576
5828,15,15.310271186361987,17.64145742968448,17.502596049055366
5829,15,15.129044091290975,17.54730134748801,17.343377574977705
5830,15,15.124444249578586,17.455048065968697,17.19713628344945
5831,14.8,15.106618743218432,17.36486191585353,17.049251848600726
6528,11,11.925977582358104,17.25072817464435,16.747227084948904
6529,10,10.936025046843257,17.192365481622414,16.656738107049048
6530,10,10.077955274836825,17.126113859241563,16.569584934190402
6531,10,10.077237199059908,17.059936025736203,16.484575978464232
6532,9,9.94465526126196,16.993874434748506,16.38546960347993
6533,9,9.08664252117946,16.91996387252072,16.289129110342248
6534,8,8.960900425525109,16.85047018747147,16.197166578331345
6535,8,8.145566397610192,16.799382735920705,16.163053821621844
6536,9,8.369308948300237,16.805270392702464,16.184544630414482
6537,11,9.663699457229182,16.872408344019185,16.25761827329834
6538,13,11.65372784517291,16.96180157218068,16.432048826323346
6539,14,13.273307795783971,16.98094239215696,16.608481210638015
6540,15,14.254889605212927,17.006168948951355,16.798784570347216
6541,15,15.068127765242654,17.0148466665604,16.891074685921605
6542,15,15.212521633083247,17.113349159391188,17.032587506186637
6543,15,15.175787070326026,17.188896218925525,17.10632903505834
6544,15,15.069776548833662,17.19856341010467,17.1337490174041
6545,15,15.025672440547579,17.181517736405258,17.10632065471352
6546,14,14.892576771635952,17.16326111201443,17.059214667615556
6547,13.2,13.938484546184172,17.136876073396785,16.99993019285891
6548,12.8,13.206791918016654,17.103874602451516,16.935942095790015
6549,12,12.750622063646583,17.067414780918813,16.860228317736304
6550,11.8,12.041498863061076,17.02428375571835,16.78486534986271
6551,11.8,11.856623996242016,16.9792799860206,16.713371379010827
7272,14,14.027051559157487,16.473337249971568,16.300553322439615
7273,13,13.895654676936054,16.45081499725314,16.254380397332913
7274,12,12.905956059114889,16.42030506218169,16.192643607406904
7275,12,12.047909981335827,16.381711283669357,16.132563047829105
7276,11,11.915907047372144,16.342967026344567,16.058783870851126
7277,11,11.057910358427563,16.296122950228135,15.98853275748787
7278,12,11.189230418862776,16.24915176750571,15.935057808191502
7279,11,11.919333314567561,16.213077170626345,15.878251361198613
7280,12,11.209729082268755,16.17931294451344,15.880914611879508
7281,12,12.088674986365687,16.167596960102568,15.920576165812086
7282,12,12.249787001415594,16.255540668879213,16.006520125335
7283,13,12.49006475748881,16.408650955402912,16.08452693819873
7284,13,13.343579443821808,16.563136868671304,16.165131812882727
7285,14,13.435828738139998,16.69002934537092,16.250002548519593
7286,15,14.345579309473738,16.773444058272272,16.32646834664594
7287,15,15.084012991273765,16.790173681520614,16.366480670224437
7288,15,15.019710178582356,16.767864850510012,16.36166061264396
7289,14,14.888196948405579,16.74590283196017,16.33895059512153
7290,13,13.898660718609039,16.7164247082557,16.300782480000738
7291,11.5,12.807860679145783,16.679323100958353,16.240403003754786
7292,11.2,11.532354779439736,16.630518871536115,16.177257426067467
7293,10.8,11.223044907809335,16.5794902386341,16.10950820491231
7294,9.2,10.607368354537503,16.525437926169428,16.017618917905626
7295,7.5,9.000772073536703,16.458743577104944,15.901121714902468
7992,5,5.097680734545768,15,14.322156624764347
7993,4,4.975711666215429,14.909261681780805,14.184487587373827
7994,3,3.9853169521514107,14.810575114786559,14.033642606143268
7995,2,2.9948247472037632,14.703892632577734,15
7996,3,2.271015930978041,14.612655018195637,14.799901127980206
7997,3,3.1258650878965732,14.527524165650735,14.606854315929493
7998,2,2.9917050533026197,14.440803894067992,14.401986466984466
7999,2,2.1348410740848998,14.344624809625964,14.20739491961532
8000,2,2.1399421590627923,14.250891637429742,14.038187105394522
8001,3,2.2860206844097526,14.164753646323552,15
8002,3,3.1560324717877926,14.11791720203213,14.854774505566617
8003,3,3.1630956289100536,14.07402067774134,14.727685019238779
8004,4,3.294442334385251,14.02786786028883,14.61686007974192
8005,4,4.125275730281103,15,14.467634294829583
8006,4,4.191835952397838,14.948974254335528,14.371984864736246
8007,5,4.254474622271586,14.854742726895758,14.249236015471915
8008,4,4.973919646911735,14.766621402341826,14.105479474762776
8009,4,4.116695255911032,14.67035089656254,15
8010,4,4.115651817037427,14.595405425679454,14.81112649156544
8011,4,4.114839511990444,14.51866750472064,14.63128118723124
8012,4,4.114007779268569,14.440375712408002,14.457972235821076
8013,4,4.113159204734531,14.360710064709114,14.290808364013072
8014,6,4.46521717661281,14.279837326755196,14.15879346072381
8015,8,6.44213018668688,14.213860144210463,14.060539962365311
8736,7,7.937316020733633,14.363434173379334,14.24266202025829
8737,7,7.079809422393142,14.30449052281889,14.133815495303699
8738,7,7.07917055490357,14.244962024484353,14.026824603238957
8739,7,7.078525348474594,14.184903872074848,15
8740,7,7.077874401329425,14.146774916524413,14.845093202704446
8741,7,7.077461136289325,14.106511951957211,14.69680084509485
8742,7,7.077024741548734,14.064313120051693,14.554706797219724
8743,7,7.07656736468887,14.020362279553469,14.417556472347458
8744,7,7.078548411672102,15,14.294922307568017
8745,7,7.169773028580358,14.974778379120716,14.249565209672113
8746,8,7.245202420190486,14.91469780147929,14.23581194794469
8747,8,8.110415667462203,14.869267861235322,14.235943644411316
8748,9,8.242472202385803,14.825415676281503,14.25260123559638
8749,9,9.089715105937595,14.785109813030074,14.25236625431356
8750,9,9.076525522710327,14.738154900658088,14.222117396909912
8751,9,9.06403670723581,14.684588585558519,14.162506156118488
8752,9,9.061613062719601,14.630181526590894,14.100842749868898
8753,9,9.061023365596212,14.576040941816588,14.039836853159693
8754,9,9.060436556683802,14.522172912612312,15
8755,9,9.059852701896075,14.489787619790977,14.888219272412282
8756,9,9.059501690200548,14.456001004583925,14.781716064143763
8757,9,9.059135490112274,14.420962587239298,14.678263949033003
8758,9,9.058755722223541,14.384771373726448,14.580670783613343
8759,8,8.926471398544122,14.347581895458374,14.471001930776106
