0.37083333333333335,4.029432008029736,5.983795965396708
9.241666666666665,6.942348670515886,6.383206499913338
10.329166666666667,8.712146042960889,7.093982464534779
6.779166666666665,9.472973927984215,7.557482112161874
8.554166666666665,10.991398130375964,8.169609524271324
10.262500000000001,12.386509717502314,8.994414416905657
7.795833333333332,13.006331607856128,9.595017324846838
8.245833333333334,12.74449518100777,9.924468309922453
4.916666666666667,12.657297592907469,10.07676363465843
3.6875,12.046687708996556,9.965911300015915
8.600000000000001,11.720769811132703,9.950343805165756
8.012500000000001,11.671501861733972,10.093084125048806
4.941666666666666,10.855141414971355,9.887121223180378
4.2125,11.545771829153969,9.849263617199126
6.2749999999999995,11.726657037847374,9.916102896407812
4.816666666666666,12.189022025682517,9.985226783210019
5.170833333333333,12.436199983663547,10.090110812498073
6.241666666666667,11.621386719497366,9.972204828402974
6.370833333333333,11.015855107948502,9.827139776287392
2.779166666666667,9.9724486201982,9.430547138457582
7.466666666666669,11.41412150580196,9.56028716378747
6.345833333333332,12.401618703729582,9.966240452188702
5.3625,12.734681571940484,10.10516338344391
3.2708333333333335,12.730990232609644,10.163118944750208
2.0541666666666667,11.904410946741796,9.87624733305857
4.058333333333333,12.156348797574864,9.820138606748044
2.291666666666667,13.374616231772848,10.06491106358205
5.258333333333332,13.885584587822903,10.317257711061922
11.541666666666666,14.35683698678814,10.814802500804712
12.829166666666667,15.395633577122078,11.632346186390537
11.65,15.260372538015872,12.143074000814943
4.05,15.145997299064923,12.256012157858928
4.795833333333333,14.048691457371362,11.957705664840184
2.8958333333333335,12.88044141495097,11.456690413422153
6.941666666666667,12.37052978756688,11.166510940541803
5.283333333333333,13.789860175922072,11.346595478309931
7.645833333333335,14.354210432503288,11.594328544233186
9.316666666666668,13.703915576169189,11.615002058653758
2.3833333333333333,12.2866532188321,11.197899889387555
8.466666666666667,12.17949610614236,10.954250622732294
8.408333333333333,13.101082466201419,11.206497461912045
6.8625,13.114766550266923,11.234041435639993
11.729166666666666,13.175151728156408,11.382881444972524
6.066666666666666,13.95590739901945,11.632403044986937
3.8375,15.205173883335744,11.854101748818536
4.2749999999999995,16.050002200198346,12.079024947252456
5.270833333333333,15.482885891817945,12.08777129829925
7.675000000000002,14.346625715552682,11.929431496262017
9.879166666666666,15.084418816142145,12.213979955587597
6.312499999999999,15.60168237970885,12.483114701242917
7.875,16.603095173246817,12.80215354379854
10.016666666666666,18.055990201840313,13.466926494190131
9.966666666666667,18.727988221880004,14.059879664566333
10.35,18.67290616623887,14.441596723650955
8.395833333333334,19.12038916577537,14.797995483688693
8.979166666666668,19.426983890611876,15.10458224534856
7.620833333333333,19.257124249148102,15.25095087182182
6.679166666666666,20.304104125327033,15.554454645650766
9.083333333333334,20.764465486029987,15.91187933444616
9.358333333333333,22.208627365777016,16.52378671576943
6.166666666666667,23.975470253194263,17.244668469654012
6.708333333333333,24.620678694453073,17.742909600478598
6.625,24.531447350822706,18.039533142621192
7.375,24.842305284061922,18.366391557601144
9.166666666666666,25.810202833591365,18.963728302743196
10.958333333333334,27.298072076175107,19.76664753684295
10.083333333333334,27.598354145354822,20.38997912838015
8.208333333333334,25.250838217970202,20.161353413619377
9.25,25.433027416766084,20.207403876467236
8.5,26.898513316488245,20.625787901489375
9.958333333333334,28.533707414357263,21.28112523741952
8.75,29.699037821558587,21.9431169638834
6.041666666666667,27.31239289490023,21.62825178622759
6.291666666666667,23.83320362822474,20.66057801259968
6.916666666666667,22.501707326572742,19.902086681531497
8.416666666666666,23.950833007345224,19.86150600351383
6.833333333333333,24.61723999329807,19.917714108602148
7.291666666666667,23.008401904997054,19.45388490869092
7.333333333333333,21.844552712412916,18.86743974016115
7.875,21.48884773785841,18.57944610040928
6.0,19.81809806654208,17.83985386105016
7.708333333333333,21.01927761147213,17.66248655903228
7.666666666666667,23.937690635869885,18.301230284176977
6.25,25.29709136371568,18.741456022872473
8.208333333333334,25.186137212232328,18.945393095935554
8.791666666666666,26.586738375733177,19.512615892184062
11.458333333333334,25.994369657205223,19.846723063389778
11.291666666666666,24.57354877571643,19.80005755479935
9.583333333333334,26.027424579444446,20.179526668968837
10.862499999999999,28.589365399336575,21.084162862577113
8.308333333333334,29.731380312263713,21.688452734981848
7.083333333333333,27.474734197267978,21.534711650225773
5.583333333333333,25.55623009290653,20.90021277229648
6.833333333333333,25.29830881198437,20.593692814807277
10.125,27.039476498252416,20.929187553997103
8.958333333333334,26.035805127219916,20.950646235146664
9.291666666666666,22.93458308679732,20.145941927167918
10.208333333333334,21.723713709983272,19.57858921668578
9.625,21.66037478496691,19.271855738457454
8.458333333333334,24.011709174028965,19.48476286319271
6.75,25.92079704500108,19.866878361076555
7.0,25.964840516375798,19.939308730342788
5.666666666666667,25.275012931098345,19.76873938123713
5.791666666666667,25.576250314686856,19.72125394319867
8.916666666666666,27.530428598191012,20.271528619005466
11.458333333333334,29.62056248750363,21.193558885617357
12.375,31.335529289069882,22.239380905460212
14.041666666666666,32.6277433550319,23.257439736507802
15.541666666666666,34.0803653027393,24.40418728817537
16.25,35.3501028619936,25.54245089348814
15.291666666666666,36.213696546428466,26.537105612726226
15.416666666666666,36.674761233073276,27.313597320741067
14.875,37.21949029021508,28.061858684189303
13.791666666666666,36.03047183596099,28.248390852300645
12.791666666666666,34.099837433080474,27.898793070163645
12.458333333333334,33.58677175046057,27.676826117814556
10.666666666666666,32.596587647626954,27.285188857129768
10.875,31.126614557464446,26.673748037952226
10.583333333333334,29.682592712398144,25.91741173077755
11.35,30.550102218160493,25.72235003620406
15.233333333333334,32.87342179939082,26.205704696843956
14.708333333333334,34.78939603967812,26.91698180662797
12.5,35.54224462620142,27.414569221642832
10.833333333333334,34.451857417657315,27.305983907139133
14.75,33.34718018300294,27.108100174462106
15.520833333333334,34.21653688103326,27.397951306950223
13.083333333333334,33.9192835456173,27.490268133112874
12.375,33.82329986199296,27.404056156390126
12.625,34.00325805468782,27.420750575535276
13.333333333333334,34.57741693331223,27.583117167789155
11.5,35.23024298628002,27.81758395477866
11.708333333333334,35.219462863848186,27.844563012548566
12.666666666666666,32.94006885962852,27.453055046098054
14.958333333333334,30.77485588474818,26.78682159463821
13.041666666666666,31.452105659087234,26.674706079144542
12.625,32.65459755825297,26.723023471422994
12.166666666666666,33.23806332345527,26.810223723926487
13.208333333333334,33.442016864685776,26.85193903438979
13.541666666666666,33.70278086939812,26.96289749486337
14.416666666666666,33.92993321100568,27.097822109697706
14.875,35.08265312299784,27.53353875929314
14.625,35.67212934556341,27.93723896922194
16.583333333333332,36.32590364004283,28.38589175451762
16.916666666666668,37.43266628353488,29.04410100340076
16.125,37.93774795708707,29.545035163539126
14.416666666666666,37.979350807168224,29.86957751657498
12.791666666666666,35.93603595605797,29.464272676238327
18.291666666666668,34.920732329903785,29.18349937165687
17.708333333333332,36.52303359725361,29.644577504757333
16.416666666666668,37.77183736263414,30.09394303572414
17.241666666666667,38.44664547833952,30.49556504727327
15.741666666666667,38.848087537380614,30.82508632401868
17.875,38.368673510636974,30.974898802650504
18.291666666666668,38.45139715463953,31.164304752315292
18.333333333333332,39.32181804832509,31.581790615341628
14.541666666666666,39.17491914556589,31.736367166894212
12.375,37.07056003499394,31.09914015437764
14.875,36.39879301354268,30.64493031924641
14.083333333333334,36.81576382082907,30.527775078828483
14.166666666666666,37.254749653576894,30.48682700862818
11.958333333333334,37.04968796992886,30.328911027879315
13.0,36.548032929005245,30.018596818343354
12.458333333333334,35.81904449372612,29.688079989799846
17.958333333333332,35.92602859855416,29.617559003651802
17.625,37.34641481872293,30.055168533826926
17.25,37.41790843502168,30.334034059424216
14.5,36.68548876746474,30.195831581028717
12.916666666666666,36.06319497325007,29.89315139273839
14.291666666666666,35.826566425969354,29.647549079781765
15.291666666666666,36.67844046539816,29.771847470491863
15.333333333333334,36.88657326370515,29.872681856922686
17.333333333333332,37.478054929157814,30.12326605180397
15.333333333333334,37.65738586573282,30.304533966259275
15.833333333333334,37.861039313133546,30.418819864934946
15.166666666666666,38.276307010335756,30.636030892952334
17.958333333333332,37.50907124774886,30.59215132947799
21.625,38.418645248480345,31.034510522031212
25.291666666666668,40.7372535177847,32.12515759390775
19.166666666666668,40.417950958576775,32.71820344331735
16.833333333333332,39.38756982471674,32.51697699419427
16.333333333333332,39.892816429812065,32.626779848287555
17.7625,39.98867834288797,32.67352634110787
20.625,40.677511310630365,32.994956598776206
18.541666666666668,41.580178981290366,33.528454584422384
17.166666666666668,41.256361015637395,33.564986435277056
17.541666666666668,41.156142647148585,33.59694790594325
18.458333333333332,41.43375292514956,33.77783346822534
16.25,40.58309314111151,33.61968234832031
15.166666666666666,39.24979809917191,33.12098377724606
16.166666666666668,38.726385986417746,32.731674575152866
15.541666666666666,37.57210221311079,32.244648946038815
17.666666666666668,37.57064811216669,31.966432945000363
16.875,38.40535389418968,32.03521304345121
14.791666666666666,38.04154929442322,31.80744405463605
16.791666666666668,38.2805230804533,31.7078484060311
18.958333333333332,39.33743640741257,32.02369187099705
21.0,39.10562311776665,32.23952407598073
18.25,39.310596157919356,32.43548695057127
16.708333333333332,38.82317933828841,32.337457130525586
17.458333333333332,37.462855686671894,31.92909115116962
18.416666666666668,37.938339188122804,31.897056233139974
15.458333333333334,38.85983190905643,32.03335812147064
16.25,38.94682044046095,31.988255793245727
18.833333333333332,39.60532413864357,32.21276956523381
21.583333333333332,40.468851041863154,32.728435460801215
20.5,41.1361841823466,33.188111906082696
21.166666666666668,41.60687421705516,33.655229237013266
22.333333333333332,41.99803344746788,34.066498872366516
24.083333333333332,43.179747696629676,34.776958550181234
22.625,43.98014019675273,35.44635347882766
19.333333333333332,42.820795446046674,35.477020304126626
20.874999999999996,42.43297725254151,35.398426540433675
17.583333333333332,42.737534988379316,35.486625060067105
19.75,42.72892521764593,35.47778792414107
19.875,42.59278352022468,35.54841781555658
18.208333333333332,41.14704847509531,35.148072309224354
18.416666666666668,40.76765325139957,34.82541885112368
19.5,41.31809420597198,34.82825554150195
19.541666666666668,41.7487108337208,34.876791885830166
19.666666666666668,41.94328134114286,34.95982957849986
21.208333333333332,42.500241785248825,35.17245313909947
20.333333333333332,42.3659180043851,35.32671113375815
18.291666666666668,41.87980788871452,35.18931621886508
18.5,41.869798691634266,35.1054108054555
18.958333333333332,40.629906816349326,34.77598782541948
18.958333333333332,38.90247433878092,34.211819037487146
17.625,38.88384544138435,33.81846186047981
16.791666666666668,39.80835670480681,33.77949603123831
17.833333333333332,40.26792837891013,33.736170923785615
17.583333333333332,40.959714891778184,33.89232366520905
17.958333333333332,40.831862359031184,33.886142493577736
19.041666666666668,39.26418947245208,33.53162913121649
22.125,39.38687428759498,33.50710725116118
23.208333333333332,41.40128329598412,34.13383535659437
19.625,41.86249882245853,34.56554987180592
15.75,39.38487834208974,33.92893595421253
16.208333333333332,37.468605950787,33.0989005170016
18.208333333333332,36.71830733551003,32.57438832309553
16.75,37.347471793535554,32.344350165444375
16.916666666666668,38.60547134012183,32.420759904374556
18.291666666666668,39.61019227304319,32.67613471173899
17.833333333333332,37.82858317528936,32.38311568266618
15.5,35.04677388314762,31.491556585224487
18.425,35.714987284039665,31.17246080921629
17.875,38.21280674704759,31.68748956642439
18.333333333333332,39.47762625760298,32.11586180231266
16.916666666666668,39.735362535086246,32.38584367323045
17.125,37.126830081381115,31.903988072581587
16.875,36.165156381903046,31.44703514076878
15.208333333333334,36.59263689625279,31.294805076052878
15.708333333333334,36.70612712265483,31.128638768502196
18.833333333333332,36.31165715716191,30.999022764585433
18.083333333333332,36.504230880085935,31.01457761604328
19.833333333333332,35.056473480420806,30.75975029222447
14.375,33.32052191807528,30.092686838269625
15.083333333333334,34.14614673464525,29.778652139712005
15.125,35.05241870913238,29.786924286987926
16.591666666666665,35.36243515746403,29.776241353167446
18.233333333333334,36.76588644737014,30.16795288611746
10.512500000000001,36.996230394481415,30.247648833601612
12.441666666666668,35.07797472677418,29.694805755375356
20.066666666666666,33.064668678415295,29.133543318233635
19.833333333333332,31.913972386564836,28.82556589932851
15.083333333333334,31.956973737963853,28.560118175852086
12.208333333333334,31.547428973832226,28.06117887737527
11.3125,30.854661366256607,27.404351795902354
11.508333333333335,31.52888701396601,27.102011241561996
12.125,32.642902602607904,27.109763264838445
15.5,33.91763692087584,27.425424971876847
17.083333333333332,35.438462336996594,28.09217415334263
14.166666666666666,35.200630399379826,28.404397485600793
12.625,34.60189063872155,28.28316521081074
11.983333333333334,33.27352234975458,27.974020861542144
14.137500000000001,32.75946381580844,27.69073653628797
13.708333333333334,33.45201653478249,27.794656221166804
12.708333333333334,31.61362500237773,27.331391261154867
13.416666666666666,31.502030802941533,27.014137198854883
15.875,30.587193216891137,26.76718932218256
16.666666666666668,29.92367172710847,26.481758104699267
14.916666666666666,28.9694182325992,26.137674876899194
12.416666666666666,28.643192907521794,25.641384995957946
12.3125,29.954769286332965,25.623182574468828
12.958333333333334,30.09556578624668,25.548890036526412
12.25,30.488003877454194,25.542306526992324
11.291666666666666,29.47108756663239,25.213018520430612
10.666666666666666,28.134331076941965,24.659626762532117
10.458333333333334,27.28822637025135,24.095716548472108
11.166666666666666,26.34345660287153,23.57554697047429
12.5,24.563435052100278,22.856006385076444
12.125,23.630120639631723,22.221022583557996
13.041666666666666,23.229924946588355,21.74477724001406
12.791666666666666,22.467917658678576,21.24323168892113
11.541666666666666,23.281211545604183,21.017401681565516
12.5,23.183240651019293,20.83736867046836
13.958333333333334,22.11503668741282,20.462901565163456
12.958333333333334,21.246253721502466,20.03659596664846
12.75,21.415495484720864,19.81471303061517
9.041666666666666,22.899809201074373,19.846215852621782
11.458333333333334,24.293402784992043,20.06825982688628
14.333333333333334,25.690886711601426,20.616864566065377
13.666666666666666,26.926280557186903,21.276590030919124
13.291666666666666,25.619919568510554,21.311122235060832
14.75,25.23652596044458,21.370704243755323
12.258333333333333,25.863979183313585,21.62436992866118
5.483333333333333,24.836942386137235,21.227848983381723
6.870833333333334,21.595679145844993,20.11768982281047
9.316666666666666,19.83163072304652,19.177910079377142
10.041666666666666,18.98230500305821,18.53517018174899
10.583333333333334,17.912731917293524,17.855852047567023
10.5625,17.06858593553851,17.232740204651538
10.375,16.60368899593348,16.694409481616297
10.833333333333334,18.56189944417478,16.768458270899618
11.625,19.426959516869097,16.94188029740458
10.583333333333334,20.606951594031678,17.20967173209746
11.0,20.024693312140567,17.24562508687945
9.791666666666666,19.67954932697299,17.107078581982265
8.708333333333334,19.68263427346326,17.020251079132596
9.125,19.00439548023644,16.757032176121733
12.75,19.69631896453431,16.916316139392325
12.958333333333334,19.68130520234311,17.077034365840152
11.25,18.691287778942726,16.947772857615494
7.125,16.28379293517435,16.086430207546613
10.25,16.20913247548286,15.685864652810528
9.75,17.369460762055315,15.679865427845016
11.291666666666666,18.66385823124378,15.965874524595051
8.75,19.5746360335674,16.264504529119886
4.9125,19.08346924345118,16.06258656452627
5.3374999999999995,17.684982217584277,15.525511013370727
5.125,16.558281173211086,14.990748851780609
4.791666666666667,16.4367027886116,14.593101301134004
6.125,14.968208335253754,13.98617529989346
9.875,15.215403104354088,13.842374912458586
6.625,14.726632504109945,13.654796084731325
3.75,12.683590380644844,12.781550934138627
8.858333333333334,13.776763321999374,12.645861637495067
10.083333333333334,15.314838048518496,13.0284585376149
8.833333333333334,15.652000415134623,13.232463608308704
10.583333333333334,14.809545301259767,13.130954472784461
12.625,15.730733418746368,13.5253061861416
12.75,15.760420984500845,13.769726940545352
10.083333333333334,16.79812818050539,14.186878181041216
7.583333333333333,15.869934223531674,13.985535182652647
7.791666666666667,14.584157802552673,13.603326226489012
6.666666666666667,13.551485760956835,13.116869047033019
3.9583333333333335,13.517664816593365,12.693160132855995
2.75,13.351365242501629,12.258630297308436
1.9166666666666667,12.280626179119727,11.58801646926424
4.583333333333333,10.952927092943293,10.928881300060782
3.6666666666666665,10.114154798193097,10.34678415866464
2.8333333333333335,10.679781370020336,10.030476942582988
3.5,10.239172290651267,9.645947441780573
3.7916666666666665,10.073882687664492,9.333486610979849
2.875,11.062155436768249,9.356400843496292
1.5416666666666667,11.030398844492545,9.166106773869439
1.7916666666666667,10.803187931533921,9.001627862592985
3.9583333333333335,11.111135310694543,8.908539076574288
2.8333333333333335,10.492422950124137,8.866583074763579
7.958333333333333,9.62007449431878,8.616173817888113
8.208333333333334,10.772005134123416,9.037488266398151
7.375,11.626405994509396,9.369462841588529
11.458333333333334,13.646422900210817,10.177727769301795
10.666666666666666,14.008182878223828,10.848010556193854
8.5,14.028466633070304,11.179316111659332
8.25,13.294374537889787,11.25574852662521
8.041666666666666,12.227578043241692,11.069945432587359
