0.0375,3.023208502410099,7.221237058502986
9.241666666666665,10.078919912818185,9.328706545404813
10.329166666666667,10.759777996152245,10.831866389162974
6.779166666666665,8.746410485885987,11.827449166597669
8.554166666666665,11.009767351719598,13.835466813069344
10.262500000000001,12.352619582719905,15.90370917614306
7.795833333333332,10.966176704824155,17.302812981414863
8.245833333333334,10.75858158480874,17.755852707513483
4.916666666666667,9.34412099959252,18.16627269117563
3.6875,7.796797693715532,18.270333150767023
8.600000000000001,11.151212804547422,17.903116081474042
8.012500000000001,10.391993221377712,17.554126327650135
4.941666666666666,7.780403565452001,16.58700141905201
4.2125,8.835431702915562,17.186123131740615
6.2749999999999995,9.322941618423679,17.63467590876362
4.816666666666666,9.856575715525002,18.240235831556685
5.170833333333333,9.266562013619561,18.981458306317304
6.241666666666667,9.213273678249061,18.288508734086744
6.370833333333333,9.406900789282721,17.373742094555816
2.779166666666667,6.122957969582938,16.178849786674594
7.466666666666669,11.644877512697072,17.12896434203994
6.345833333333332,9.587979711086712,18.425529075912326
5.3625,10.181054499047619,19.06172890438489
3.2708333333333335,8.089318135026657,19.6994392004921
2.0541666666666667,7.076624495277016,19.370385228594795
4.058333333333333,9.029415769540215,19.770345623200395
2.291666666666667,8.423911750431094,21.386658232048305
5.258333333333332,9.837875410310472,22.49139703797537
11.541666666666666,14.557814575799183,22.828186614061092
12.829166666666667,15.57008634666658,23.569902178359712
11.65,14.378542125997543,23.246710251427952
4.05,9.283527642378562,23.26979642808891
4.795833333333333,8.894616001363326,22.54095071011297
2.8958333333333335,7.852996308220287,21.31523933737745
6.941666666666667,9.947548622600046,20.394537752029365
5.283333333333333,10.98357628818169,21.366887732920503
7.645833333333335,11.220919829678607,22.264550766330856
9.316666666666668,12.511553621773473,21.40811107261618
2.3833333333333333,7.213691858367266,20.02761987167365
8.466666666666667,11.77563669875403,19.42955118983379
8.408333333333333,11.200320853350654,19.912938344912305
6.8625,10.122491831388846,19.788193439618333
11.729166666666666,13.70548115421843,19.519283163532126
6.066666666666666,9.84277395932648,20.125117045073953
3.8375,10.010446353133796,22.07589433503833
4.2749999999999995,10.178700221149096,24.02845078820089
5.270833333333333,9.800701892859808,24.330280098431995
7.675000000000002,11.25334099819738,23.248058617105233
9.879166666666666,13.584356722870362,23.53162116749687
6.312499999999999,10.342212613729975,24.156984249183548
7.875,12.86992144674091,25.27366083269247
10.016666666666666,14.779712491404188,27.139875781284005
9.966666666666667,14.589058574675635,28.335278838230312
10.35,14.564764151835988,28.65406680968735
8.395833333333334,13.869448957833962,29.319426914787716
8.979166666666668,14.14961419542116,30.02978257685601
7.620833333333333,13.162722271449672,30.25801176150328
6.679166666666666,13.906393450465169,31.625111106979002
9.083333333333334,15.090240474660868,32.7576389215986
9.358333333333333,16.505406697861225,34.4549122682688
6.166666666666667,14.266994990213803,37.23341690926498
6.708333333333333,15.0886246748856,39.07198596980182
6.625,15.027129823200633,39.99360055816396
7.375,16.55072535426569,40.981287920676394
9.166666666666666,18.014513133905464,42.431389039693315
10.958333333333334,20.22929244459421,44.39123201555006
10.083333333333334,19.042703844820362,45.410069446548846
8.208333333333334,16.175784581824995,43.46534974082505
9.25,19.312110931364103,43.06247747407539
8.5,18.576285316311544,44.75788313687576
9.958333333333334,20.2320336074059,46.73600116720778
8.75,19.096578234463482,48.54664212014356
6.041666666666667,14.776646305978327,46.92969926618088
6.291666666666667,14.075742843198364,42.95191679157943
6.916666666666667,15.100268603295378,40.383629357453714
8.416666666666666,17.802649235660045,40.89170678533231
6.833333333333333,15.633020502998384,41.46569201016773
7.291666666666667,14.415352154335375,39.71050637778155
7.333333333333333,15.480673556993027,37.84188248433082
7.875,14.278116073656447,36.86306242737937
6.0,12.661529795839101,34.4499387354558
7.708333333333333,15.797490822542969,34.94917023228279
7.666666666666667,17.025899572656314,37.98080352485064
6.25,16.202388827324146,40.49677298285773
8.208333333333334,16.324763209304045,41.353310522087064
8.791666666666666,18.609477299622913,43.20160201242748
11.458333333333334,18.288918248119224,43.305044382103254
11.291666666666666,17.77880180389521,41.45744808039995
9.583333333333334,18.327759839742928,42.536901751797494
10.862499999999999,19.20301259490167,45.35680601661243
8.308333333333334,18.98097932479067,47.5877964664327
7.083333333333333,15.613445553019758,46.39367829407173
5.583333333333333,15.923808473988222,44.411555518940524
6.833333333333333,15.579495086428716,44.040027382036705
10.125,19.645292884545373,45.27426412591666
8.958333333333334,16.437076546294893,44.460669290043576
9.291666666666666,16.543874936645036,40.60606274925059
10.208333333333334,17.252136734648456,38.09794087533232
9.625,16.318471982454458,36.851240861841454
8.458333333333334,17.21407229447305,38.55136605367604
6.75,16.011603494038393,41.20288443064146
7.0,15.927944657709658,42.24641622923548
5.666666666666667,14.917490850434485,42.22653652249421
5.791666666666667,15.546576849695846,43.0004521673578
8.916666666666666,18.76922200031453,45.37927364830063
11.458333333333334,22.253913132107627,48.23371629882009
12.375,23.4389816085029,50.95792495592928
14.041666666666666,24.649882549748128,53.16320662094603
15.541666666666666,26.670071666369676,55.38076172150492
16.25,27.698787740568488,57.42281351412376
15.291666666666666,27.009514818472194,59.04091754694458
15.416666666666666,27.14530620316853,60.10907575290317
14.875,26.86814970930745,61.07071072635133
13.791666666666666,24.311080961387706,60.231217166075254
12.791666666666666,23.09061050219638,57.92782904943916
12.458333333333334,22.76133160694943,56.81176284449305
10.666666666666666,20.049202665144268,55.12566641561975
10.875,19.91269517608498,52.90591886214498
10.583333333333334,20.477991954394714,50.58735779751829
11.35,22.136045062792416,50.653583656931836
15.233333333333334,25.707546424897334,52.72146376574355
14.708333333333334,25.727981300821863,54.966544065180045
12.5,23.226739156514526,56.46450151176216
10.833333333333334,21.241900309598304,56.19052779976435
14.75,23.834190423637583,54.979832766168784
15.520833333333334,25.18629962887063,55.37373863250533
13.083333333333334,22.364857870998666,55.10103959135504
12.375,22.520116110581558,54.85823243139992
12.625,23.136066659769938,55.20355872510368
13.333333333333334,24.5515384835775,55.87611301840598
11.5,22.275944635198865,56.85332782499261
11.708333333333334,22.22308758285112,57.21333143422759
12.666666666666666,21.229498185647177,54.92982904909187
14.958333333333334,24.134042647866327,51.78805151485313
13.041666666666666,22.510115238881756,51.49779057428379
12.625,22.37014012259999,52.43699220983231
12.166666666666666,21.923761955146876,53.22285012820846
13.208333333333334,22.694427352336827,53.59516184520541
13.541666666666666,23.308504211123417,54.08803360900924
14.416666666666666,24.643534384350996,54.51797867434325
14.875,25.331326160886615,55.884948557417395
14.625,24.981637826674202,56.92893068949749
16.583333333333332,28.054163779213752,57.91666145911963
16.916666666666668,28.230178733058963,59.477001862662924
16.125,27.591776352174946,60.50063271339632
14.416666666666666,25.06913963124248,61.00593301614554
12.791666666666666,22.46104554820251,59.25800719737745
18.291666666666668,27.898671644900915,57.501290790459684
17.708333333333332,28.231108116760314,58.43012964995978
16.416666666666668,27.25039520620228,59.744070657989965
17.241666666666667,28.395253579603644,60.74116291716968
15.741666666666667,27.70660452858432,61.587001511167166
17.875,28.444022858327873,61.46802126614131
18.291666666666668,29.03111355392321,61.330550178754315
18.333333333333332,28.997777882644687,62.12298384541194
14.541666666666666,25.674620436323792,62.19983220797736
12.375,23.882636098964927,60.449471465330625
14.875,25.593752530868045,59.42130686756611
14.083333333333334,24.824049867245773,59.481085383300474
14.166666666666666,25.393917790951814,59.824680714173155
11.958333333333334,23.832858127546643,59.868257677655016
13.0,24.436503473731122,59.539218563218434
12.458333333333334,22.964846756749196,58.820151734408086
17.958333333333332,27.67429283448342,58.33945444209494
17.625,29.08266711874997,59.49130479961956
17.25,27.07953058088981,59.70444653601646
14.5,25.07818161038389,58.89646283193637
12.916666666666666,23.68101459037214,58.37437342845743
14.291666666666666,24.26681049092129,57.92166048129351
15.291666666666666,25.595969102978476,58.56199366606612
15.333333333333334,26.429867570961914,58.98619528564146
17.333333333333332,27.362164358862344,59.55568649740832
15.333333333333334,25.592222248644322,59.93018274392571
15.833333333333334,26.391793804604845,60.2534090191474
15.166666666666666,26.356391496123283,60.89440033931398
17.958333333333332,27.351940637846326,60.281395028892284
21.625,32.32021789562019,60.682955179216485
25.291666666666668,35.60144282706694,62.77089220050416
19.166666666666668,29.28834583597964,62.7659726030595
16.833333333333332,28.090301808350194,61.869127859264985
16.333333333333332,28.109526809870797,62.564914257867365
17.7625,29.015550955747596,62.91223480527429
20.625,31.83205235491909,63.63145879915675
18.541666666666668,30.57167676873824,64.65694422203104
17.166666666666668,28.84342360575299,64.83071601787145
17.541666666666668,29.67962281774137,64.96688841669207
18.458333333333332,29.344464090198855,65.26812101532386
16.25,26.801117402665067,64.49717934916598
15.166666666666666,25.778925270067486,62.96541046762973
16.166666666666668,26.547602432136117,62.02372445381524
15.541666666666666,25.64487197724922,60.51070831957276
17.666666666666668,27.764386353639704,59.71615636968723
16.875,27.083515586674764,60.22213543046528
14.791666666666666,25.2688289969971,59.89712972621985
16.791666666666668,28.356779201544004,60.146097514326705
18.958333333333332,29.48530506317501,61.262356918444276
21.0,30.069400521082798,60.966826830225294
18.25,28.645038782421725,60.965359703497285
16.708333333333332,26.7144015167389,60.62101963115205
17.458333333333332,26.80616993924693,59.104587661732864
18.416666666666668,28.02103871441778,58.98110995499593
15.458333333333334,26.016013214887824,59.96986005368717
16.25,27.06494006930988,60.40658292317824
18.833333333333332,30.097667757381775,61.31887022051675
21.583333333333332,32.155154118905976,62.37181089075179
20.5,31.04952745021267,63.238369804613804
21.166666666666668,31.725068276790367,63.92127338599854
22.333333333333332,33.87784648233613,64.529886105713
24.083333333333332,35.964919171097314,65.93010673538903
22.625,33.85971403485372,67.07584026496329
19.333333333333332,30.00051956673265,66.28124752194876
20.874999999999996,32.75852549879699,65.76648221295893
17.583333333333332,29.728623375998918,66.21476801863912
19.75,31.65252951627731,66.3134351791634
19.875,30.474279722375258,66.10631662752952
18.208333333333332,28.12983934324414,64.4518381057034
18.416666666666668,30.050461718925828,63.56346751462505
19.5,30.38033819587966,63.89006495841637
19.541666666666668,31.5095849162858,64.3009483403453
19.666666666666668,31.061369264655188,64.6250410718375
21.208333333333332,32.816432861658335,65.17967399474163
20.333333333333332,30.6194126422419,65.10300284468828
18.291666666666668,30.638625776918133,64.64161189253356
18.5,29.697924906370705,64.75043517184842
18.958333333333332,29.068697692961553,63.35527833575827
18.958333333333332,28.452880613841682,61.038802392340905
17.625,28.769234526091967,60.21674673616214
16.791666666666668,28.671530479520783,61.093687655471506
17.833333333333332,29.593714224917417,61.72691176242091
17.583333333333332,28.75000110475769,62.64590233613877
17.958333333333332,28.899559781082207,62.79023878451787
19.041666666666668,28.597847059641328,61.28378827681138
22.125,32.15078999209842,60.63056631598914
23.208333333333332,33.98789612636974,62.355134567435876
19.625,29.906987688304255,63.08342859801339
15.75,25.92075520434352,61.02026461874467
16.208333333333332,25.69730855383868,58.67081658968527
18.208333333333332,26.798187369565543,57.047917268201985
16.75,26.954382239837518,56.99088961865107
16.916666666666668,27.679156307217244,58.277767010704856
18.291666666666668,29.70639091606685,59.64564130300258
17.833333333333332,26.931353984717294,58.309157314905
15.5,24.60079645735301,55.05650883734946
18.425,29.051208904103863,54.834941985961414
17.875,28.898360083331983,57.27894183746076
18.333333333333332,30.08591734806158,59.16213101703033
16.916666666666668,28.212061590391286,60.204864814146255
17.125,26.214030090825588,58.00263539338306
16.875,27.192316050396553,56.347684835970675
15.208333333333334,25.176869842106058,56.475369248364984
15.708333333333334,25.787248779078926,56.531382111508606
18.833333333333332,27.727413372870377,55.90069953787244
18.083333333333332,27.41932209887764,55.67860610974202
19.833333333333332,26.686117598219237,53.83588036315043
14.375,23.902766372012973,51.25916424813002
15.083333333333334,25.289763079000014,51.76626420745806
15.125,24.482364944491774,52.730212771906245
16.591666666666665,26.173820414115436,53.20080004261714
18.233333333333334,28.228712778851172,54.77964746814178
10.512500000000001,22.72692651155644,55.982344499776296
12.441666666666668,22.178238687251568,54.860280937323715
20.066666666666666,26.833994606157045,52.17997602166722
19.833333333333332,26.040659748693002,49.66170409386017
15.083333333333334,22.53336232611923,48.488450031300026
12.208333333333334,20.757868649471586,47.82451937289172
11.3125,20.5253236642362,47.01128372194012
11.508333333333335,21.603188318835265,47.767789141226245
12.125,22.82981917068876,49.390637011287886
15.5,25.68110710260998,51.227814935148906
17.083333333333332,27.374613204862836,53.3250589704516
14.166666666666666,24.063443114228164,53.84982760398821
12.625,24.173375184176013,53.86245031105625
11.983333333333334,21.668509470437467,52.96199700957863
14.137500000000001,23.89621105173568,52.02837729813604
13.708333333333334,24.122592881829846,52.54484874691446
12.708333333333334,21.977520964033943,50.76050524131794
13.416666666666666,23.870385199222856,50.05519289203059
15.875,23.06190389872275,48.70577738656633
16.666666666666668,24.647350674840183,46.91126537749502
14.916666666666666,21.276300257093002,45.20850936701149
12.416666666666666,21.57376156737426,44.05903016553072
12.3125,22.065500887837118,45.35089885551304
12.958333333333334,21.530462928690326,45.799471534750865
12.25,21.5930897307741,46.277871214656024
11.291666666666666,19.896766542965075,45.660929015318196
10.666666666666666,18.773547803525258,44.2298331994628
10.458333333333334,18.79278194185766,43.02079862352482
11.166666666666666,18.412853189238575,41.659933673480445
12.5,18.29771431474072,39.04554212850392
12.125,18.207002104538677,36.97230071298093
13.041666666666666,18.818419946981013,35.631188324442526
12.791666666666666,18.157465563385205,34.05517241290075
11.541666666666666,18.749294151620887,34.22993997591227
12.5,17.459750999998313,34.14092337051819
13.958333333333334,18.34072912782981,32.4884004848547
12.958333333333334,17.645305867742547,31.042921130273267
12.75,17.77509475235175,30.622557467324047
9.041666666666666,16.79580697015769,32.20363928088127
11.458333333333334,18.383252694032404,34.398018435380756
14.333333333333334,21.122365166616245,36.46308478315884
13.666666666666666,21.280895675325244,38.49530618532248
13.291666666666666,19.1175481174982,38.078062154290656
14.75,21.35312570981606,37.51391602975375
12.258333333333333,19.729792045941792,38.28610848902504
5.483333333333333,13.878896545608832,37.97760542807368
6.870833333333334,12.752701633899237,34.93714154549464
9.316666666666666,15.30549724095608,32.107413046301495
10.041666666666666,14.687318106633924,30.172710502548924
10.583333333333334,14.836832601891885,27.916599679374713
10.5625,14.323641991776496,25.93218652056328
10.375,14.28500371523855,24.455772970751124
10.833333333333334,16.207250510191255,25.745593840941027
11.625,15.601207143159977,26.908597867589716
10.583333333333334,16.05089169286956,28.296437856148273
11.0,14.788867192257348,28.315484469362683
9.791666666666666,14.812674383564255,27.999112752025354
8.708333333333334,13.94407730797581,28.36846184836375
9.125,14.20591811735836,27.910471257799312
12.75,17.40717615829246,28.39902728625633
12.958333333333334,16.749575894687734,28.319146752930397
11.25,15.144975468021412,27.08184955591001
7.125,11.359586926478677,24.54122005966012
10.25,14.254461055294188,23.58782323957935
9.75,14.330176232794079,24.42010114686134
11.291666666666666,15.565043086184538,25.769322707959784
8.75,13.813064889038758,27.08076468363998
4.9125,10.679533849619292,27.471633725763727
5.3374999999999995,10.515129942172498,26.652952867571056
5.125,10.060180874739347,25.53965644933591
4.791666666666667,10.4761062316515,25.315232655807165
6.125,10.085848788017488,23.855972619419486
9.875,13.959831110245489,23.249803987901895
6.625,10.555164767922784,22.46581574482984
3.75,7.782767224650944,20.15386578327993
8.858333333333334,12.727797259486637,20.4174847094714
10.083333333333334,13.28654336368993,21.735947716113028
8.833333333333334,12.302047950888342,22.189272759007707
10.583333333333334,13.293063008968163,21.39077371546722
12.625,15.517176479826384,21.78106817072309
12.75,14.84152120464727,21.772198414353166
10.083333333333334,13.86517870074514,22.60473540102939
7.583333333333333,11.041741381184353,22.306389601557232
7.791666666666667,10.82257801026782,20.95459633692194
6.666666666666667,9.745181430849492,19.61210913784128
3.9583333333333335,8.891643953943985,19.476763691637768
2.75,7.976364200632385,19.698873340297755
1.9166666666666667,6.896881050194668,18.968027247893993
4.583333333333333,7.731478613221923,17.447668248618168
3.6666666666666665,6.784930029035632,15.969757075281743
2.8333333333333335,7.173791947376362,16.174161436180913
3.5,6.418190184923501,15.8325716944694
3.7916666666666665,7.335875588755712,15.401639748607819
2.875,7.485258212316807,16.456233143765242
1.5416666666666667,6.243832954494734,17.08827560264132
1.7916666666666667,6.286229267695643,17.164282837874712
3.9583333333333335,9.0746392547315,17.833753775394218
2.8333333333333335,6.548234345149531,17.47547811434526
7.958333333333333,10.380664307160805,16.12398997910626
8.208333333333334,10.926884891475853,16.575373029279984
7.375,10.787421564877961,17.360820231505198
11.458333333333334,14.684665958260014,19.369831356550034
10.666666666666666,12.788600555123516,20.07009416542263
8.5,11.936373552293261,20.189114042429782
8.25,11.021147052195381,19.707772522331407
8.041666666666666,10.973901897252283,18.44194264731614
