0.37083333333333335,-11173.277671690817,846.8495351593109
9.241666666666665,-464546384.7495921,38676138.91742875
10.329166666666667,-25797132579476.074,2132029361744.3503
6.779166666666665,-8.840599514717716e+17,6.540487211243533e+16
8.554166666666665,-1.2573200469094165e+23,9.324999094536248e+21
10.262500000000001,-1.5394356675293391e+28,1.1787172926979474e+27
7.795833333333332,-2.012335271939611e+33,1.4881328266152333e+32
8.245833333333334,-2.60602565979959e+38,1.970778968109142e+37
4.916666666666667,-4.435107350743709e+41,8.559871343403715e+40
3.6875,-1.0414653851073152e+45,7.979207440497519e+43
8.600000000000001,-1.0972817294370728e+50,8.224964436422117e+48
8.012500000000001,-1.833310245490065e+55,1.35686559252534e+54
4.941666666666666,-1.0485054337325425e+60,8.488105236183178e+58
4.2125,-3.238425413206257e+64,2.4294876754593372e+63
6.2749999999999995,-2.3559323125777518e+68,5.375325244812051e+67
4.816666666666666,-1.3271833376316745e+70,2.4052739920504287e+69
5.170833333333333,-5.741892460884808e+73,4.7113184508579784e+72
6.241666666666667,-2.8356101149863247e+78,2.17965151172454e+77
6.370833333333333,-1.9382831134650113e+82,4.422656504858413e+81
2.779166666666667,-1.3989693359093798e+86,1.1219321407000302e+85
7.466666666666669,-5.6092056854826845e+90,4.0343007904261044e+89
6.345833333333332,-4.6597206788379906e+94,1.0630459527018348e+94
5.3625,-3.3785011327245428e+97,2.6272839078305945e+96
3.2708333333333335,-7.967828013917968e+100,5.711336653811652e+99
2.0541666666666667,-7.741129169053248e+104,6.550576388560133e+103
4.058333333333333,-1.978067628720533e+109,1.6471751367042882e+108
2.291666666666667,-7.493282794709456e+113,5.7901140375809346e+112
5.258333333333332,-8.726412604736176e+118,6.493257155271445e+117
11.541666666666666,-2.610892643430726e+124,1.915053929376559e+123
12.829166666666667,-7.951988735457198e+129,5.844903711153638e+128
11.65,-1.483900264797214e+135,1.1246308232583675e+134
4.05,-1.5242966540796994e+140,1.13121447818745e+139
4.795833333333333,-8.554485704522676e+144,6.984471678109098e+143
2.8958333333333335,-2.575429691032483e+149,1.9205056782080004e+148
6.941666666666667,-4.359610913291866e+154,3.41121536096306e+153
5.283333333333333,-1.4142071597007722e+159,1.1529681288471976e+158
7.645833333333335,-1.0026805606043091e+164,7.420648565289837e+162
9.316666666666668,-3.908582807892914e+167,3.375478641872262e+166
2.3833333333333333,-1.0061085990041205e+168,1.0079897791768763e+167
8.466666666666667,-3.024679382370583e+171,2.303923652582199e+170
8.408333333333333,-7.195780289907261e+176,5.2717380871501774e+175
6.8625,-9.662550056652482e+181,7.896792524521965e+180
11.729166666666666,-1.0352427351225186e+187,7.743496269016324e+185
6.066666666666666,-2.547763086862013e+192,1.983057755310494e+191
3.8375,-1.6484930251635503e+196,1.4644814000432183e+195
4.2749999999999995,-7.088323020404914e+200,5.358666598595851e+199
5.270833333333333,-8.897080720767697e+205,6.706774822789905e+204
7.675000000000002,-1.571667609900264e+211,1.1590293685644485e+210
9.879166666666666,-4.255552149815574e+216,3.1033375115251403e+215
6.312499999999999,-1.1688175116246077e+222,8.491663895808681e+220
7.875,-3.0387481422480236e+227,2.2243107854503897e+226
10.016666666666666,-5.839718955954458e+232,4.4415543846849385e+231
9.966666666666667,-1.1863287885553713e+238,8.651392171274692e+236
10.35,-3.3327679725932778e+243,2.4770551212875857e+242
8.395833333333334,-8.41272920761505e+248,6.11648332998549e+247
8.979166666666668,-3.7670341867263645e+253,7.932282669821353e+252
7.620833333333333,-9.907084652729979e+257,7.334408297702554e+256
6.679166666666666,-1.1410646684348022e+263,8.88545493700457e+261
9.083333333333334,-1.0728987271879939e+268,8.078791984183653e+266
9.358333333333333,-2.353923042659806e+273,1.711749799062488e+272
6.166666666666667,-4.66611205608503e+278,3.4335355323505335e+277
6.708333333333333,-6.919154743984594e+283,5.167876296527218e+282
6.625,-8.159369572249278e+288,6.933030567735346e+287
7.375,-6.622855937529656e+293,5.009146607193825e+292
9.166666666666666,-6.440883814164492e+298,5.397231116835069e+297
10.958333333333334,nan,nan
10.083333333333334,nan,nan
8.208333333333334,nan,nan
9.25,nan,nan
8.5,nan,nan
9.958333333333334,nan,nan
8.75,nan,nan
6.041666666666667,nan,nan
6.291666666666667,nan,nan
6.916666666666667,nan,nan
8.416666666666666,nan,nan
6.833333333333333,nan,nan
7.291666666666667,nan,nan
7.333333333333333,nan,nan
7.875,nan,nan
6.0,nan,nan
7.708333333333333,nan,nan
7.666666666666667,nan,nan
6.25,nan,nan
8.208333333333334,nan,nan
8.791666666666666,nan,nan
11.458333333333334,nan,nan
11.291666666666666,nan,nan
9.583333333333334,nan,nan
10.862499999999999,nan,nan
8.308333333333334,nan,nan
7.083333333333333,nan,nan
5.583333333333333,nan,nan
6.833333333333333,nan,nan
10.125,nan,nan
8.958333333333334,nan,nan
9.291666666666666,nan,nan
10.208333333333334,nan,nan
9.625,nan,nan
8.458333333333334,nan,nan
6.75,nan,nan
7.0,nan,nan
5.666666666666667,nan,nan
5.791666666666667,nan,nan
8.916666666666666,nan,nan
11.458333333333334,nan,nan
12.375,nan,nan
14.041666666666666,nan,nan
15.541666666666666,nan,nan
16.25,nan,nan
15.291666666666666,nan,nan
15.416666666666666,nan,nan
14.875,nan,nan
13.791666666666666,nan,nan
12.791666666666666,nan,nan
12.458333333333334,nan,nan
10.666666666666666,nan,nan
10.875,nan,nan
10.583333333333334,nan,nan
11.35,nan,nan
15.233333333333334,nan,nan
14.708333333333334,nan,nan
12.5,nan,nan
10.833333333333334,nan,nan
14.75,nan,nan
15.520833333333334,nan,nan
13.083333333333334,nan,nan
12.375,nan,nan
12.625,nan,nan
13.333333333333334,nan,nan
11.5,nan,nan
11.708333333333334,nan,nan
12.666666666666666,nan,nan
14.958333333333334,nan,nan
13.041666666666666,nan,nan
12.625,nan,nan
12.166666666666666,nan,nan
13.208333333333334,nan,nan
13.541666666666666,nan,nan
14.416666666666666,nan,nan
14.875,nan,nan
14.625,nan,nan
16.583333333333332,nan,nan
16.916666666666668,nan,nan
16.125,nan,nan
14.416666666666666,nan,nan
12.791666666666666,nan,nan
18.291666666666668,nan,nan
17.708333333333332,nan,nan
16.416666666666668,nan,nan
17.241666666666667,nan,nan
15.741666666666667,nan,nan
17.875,nan,nan
18.291666666666668,nan,nan
18.333333333333332,nan,nan
14.541666666666666,nan,nan
12.375,nan,nan
14.875,nan,nan
14.083333333333334,nan,nan
14.166666666666666,nan,nan
11.958333333333334,nan,nan
13.0,nan,nan
12.458333333333334,nan,nan
17.958333333333332,nan,nan
17.625,nan,nan
17.25,nan,nan
14.5,nan,nan
12.916666666666666,nan,nan
14.291666666666666,nan,nan
15.291666666666666,nan,nan
15.333333333333334,nan,nan
17.333333333333332,nan,nan
15.333333333333334,nan,nan
15.833333333333334,nan,nan
15.166666666666666,nan,nan
17.958333333333332,nan,nan
21.625,nan,nan
25.291666666666668,nan,nan
19.166666666666668,nan,nan
16.833333333333332,nan,nan
16.333333333333332,nan,nan
17.7625,nan,nan
20.625,nan,nan
18.541666666666668,nan,nan
17.166666666666668,nan,nan
17.541666666666668,nan,nan
18.458333333333332,nan,nan
16.25,nan,nan
15.166666666666666,nan,nan
16.166666666666668,nan,nan
15.541666666666666,nan,nan
17.666666666666668,nan,nan
16.875,nan,nan
14.791666666666666,nan,nan
16.791666666666668,nan,nan
18.958333333333332,nan,nan
21.0,nan,nan
18.25,nan,nan
16.708333333333332,nan,nan
17.458333333333332,nan,nan
18.416666666666668,nan,nan
15.458333333333334,nan,nan
16.25,nan,nan
18.833333333333332,nan,nan
21.583333333333332,nan,nan
20.5,nan,nan
21.166666666666668,nan,nan
22.333333333333332,nan,nan
24.083333333333332,nan,nan
22.625,nan,nan
19.333333333333332,nan,nan
20.874999999999996,nan,nan
17.583333333333332,nan,nan
19.75,nan,nan
19.875,nan,nan
18.208333333333332,nan,nan
18.416666666666668,nan,nan
19.5,nan,nan
19.541666666666668,nan,nan
19.666666666666668,nan,nan
21.208333333333332,nan,nan
20.333333333333332,nan,nan
18.291666666666668,nan,nan
18.5,nan,nan
18.958333333333332,nan,nan
18.958333333333332,nan,nan
17.625,nan,nan
16.791666666666668,nan,nan
17.833333333333332,nan,nan
17.583333333333332,nan,nan
17.958333333333332,nan,nan
19.041666666666668,nan,nan
22.125,nan,nan
23.208333333333332,nan,nan
19.625,nan,nan
15.75,nan,nan
16.208333333333332,nan,nan
18.208333333333332,nan,nan
16.75,nan,nan
16.916666666666668,nan,nan
18.291666666666668,nan,nan
17.833333333333332,nan,nan
15.5,nan,nan
18.425,nan,nan
17.875,nan,nan
18.333333333333332,nan,nan
16.916666666666668,nan,nan
17.125,nan,nan
16.875,nan,nan
15.208333333333334,nan,nan
15.708333333333334,nan,nan
18.833333333333332,nan,nan
18.083333333333332,nan,nan
19.833333333333332,nan,nan
14.375,nan,nan
15.083333333333334,nan,nan
15.125,nan,nan
16.591666666666665,nan,nan
18.233333333333334,nan,nan
10.512500000000001,nan,nan
12.441666666666668,nan,nan
20.066666666666666,nan,nan
19.833333333333332,nan,nan
15.083333333333334,nan,nan
12.208333333333334,nan,nan
11.3125,nan,nan
11.508333333333335,nan,nan
12.125,nan,nan
15.5,nan,nan
17.083333333333332,nan,nan
14.166666666666666,nan,nan
12.625,nan,nan
11.983333333333334,nan,nan
14.137500000000001,nan,nan
13.708333333333334,nan,nan
12.708333333333334,nan,nan
13.416666666666666,nan,nan
15.875,nan,nan
16.666666666666668,nan,nan
14.916666666666666,nan,nan
12.416666666666666,nan,nan
12.3125,nan,nan
12.958333333333334,nan,nan
12.25,nan,nan
11.291666666666666,nan,nan
10.666666666666666,nan,nan
10.458333333333334,nan,nan
11.166666666666666,nan,nan
12.5,nan,nan
12.125,nan,nan
13.041666666666666,nan,nan
12.791666666666666,nan,nan
11.541666666666666,nan,nan
12.5,nan,nan
13.958333333333334,nan,nan
12.958333333333334,nan,nan
12.75,nan,nan
9.041666666666666,nan,nan
11.458333333333334,nan,nan
14.333333333333334,nan,nan
13.666666666666666,nan,nan
13.291666666666666,nan,nan
14.75,nan,nan
12.258333333333333,nan,nan
5.483333333333333,nan,nan
6.870833333333334,nan,nan
9.316666666666666,nan,nan
10.041666666666666,nan,nan
10.583333333333334,nan,nan
10.5625,nan,nan
10.375,nan,nan
10.833333333333334,nan,nan
11.625,nan,nan
10.583333333333334,nan,nan
11.0,nan,nan
9.791666666666666,nan,nan
8.708333333333334,nan,nan
9.125,nan,nan
12.75,nan,nan
12.958333333333334,nan,nan
11.25,nan,nan
7.125,nan,nan
10.25,nan,nan
9.75,nan,nan
11.291666666666666,nan,nan
8.75,nan,nan
4.9125,nan,nan
5.3374999999999995,nan,nan
5.125,nan,nan
4.791666666666667,nan,nan
6.125,nan,nan
9.875,nan,nan
6.625,nan,nan
3.75,nan,nan
8.858333333333334,nan,nan
10.083333333333334,nan,nan
8.833333333333334,nan,nan
10.583333333333334,nan,nan
12.625,nan,nan
12.75,nan,nan
10.083333333333334,nan,nan
7.583333333333333,nan,nan
7.791666666666667,nan,nan
6.666666666666667,nan,nan
3.9583333333333335,nan,nan
2.75,nan,nan
1.9166666666666667,nan,nan
4.583333333333333,nan,nan
3.6666666666666665,nan,nan
2.8333333333333335,nan,nan
3.5,nan,nan
3.7916666666666665,nan,nan
2.875,nan,nan
1.5416666666666667,nan,nan
1.7916666666666667,nan,nan
3.9583333333333335,nan,nan
2.8333333333333335,nan,nan
7.958333333333333,nan,nan
8.208333333333334,nan,nan
7.375,nan,nan
11.458333333333334,nan,nan
10.666666666666666,nan,nan
8.5,nan,nan
8.25,nan,nan
8.041666666666666,nan,nan
