0.37083333333333335,14.923628899005763,15.044325497594082
9.241666666666665,14.828007848463,15.32718686043888
10.329166666666667,14.787025246464898,15.72616675486384
6.779166666666665,14.736883426301103,16.151524586445166
8.554166666666665,14.685684903927603,16.688404190273015
10.262500000000001,14.664652658309167,17.41460564845112
7.795833333333332,14.644973782401054,18.240902710355247
8.245833333333334,14.626564300188036,19.158995932022364
4.916666666666667,14.604023806078388,20.03718198056369
3.6875,14.567956965482265,20.956474433777192
8.600000000000001,14.563247166391735,21.785708226721663
8.012500000000001,14.58918411917815,22.441429731573418
4.941666666666666,14.597748025884934,22.8585176162173
4.2125,14.59398680384165,23.05458069719361
6.2749999999999995,14.601907325441497,23.233911752634032
4.816666666666666,14.609709579826616,23.223100314477477
5.170833333333333,14.613491376364381,23.186138132704343
6.241666666666667,14.622450228609246,22.99522894720904
6.370833333333333,14.633199818666261,22.542589726638564
2.779166666666667,14.617150424428774,21.84927954092591
7.466666666666669,14.602338895339392,20.972624266738915
6.345833333333332,14.597983273937231,20.19947164361118
5.3625,14.570328351507499,19.373163842194167
3.2708333333333335,14.520886007350578,18.67006757646878
2.0541666666666667,14.44598602933119,18.02916937868713
4.058333333333333,14.372702577949505,17.484082593480533
2.291666666666667,14.298460694847146,17.158948908011535
5.258333333333332,14.228921614671883,17.180744490011175
11.541666666666666,14.210279128746711,17.380331001666125
12.829166666666667,14.231700136707984,17.667990704413963
11.65,14.254794412694224,17.965047423751894
4.05,14.234647230093737,18.22055623905481
4.795833333333333,14.183568427306882,18.60677644030986
2.8958333333333335,14.131177525299796,18.944904325946684
6.941666666666667,14.097456579967478,19.256625365857946
5.283333333333333,14.081148972616061,19.511764904086153
7.645833333333335,14.073030401990389,19.9519323358859
9.316666666666668,14.087234596347969,20.28339213336783
2.3833333333333333,14.072111759958956,20.43137055231782
8.466666666666667,14.059751821468444,20.39507693402465
8.408333333333333,14.078333855728793,20.245927297679653
6.8625,14.081748500250749,19.956820739802275
11.729166666666666,14.09999666608712,19.528225618113023
6.066666666666666,14.10766358508691,18.962295293182752
3.8375,14.070847988658038,18.480424169504758
4.2749999999999995,14.023689951441362,18.219738869824166
5.270833333333333,13.981192338495859,18.15535411796846
7.675000000000002,13.953989555766325,18.07173018571716
9.879166666666666,13.95113965849292,17.92267250658091
6.312499999999999,13.937074707093123,17.83160984720209
7.875,13.915711336609105,17.81711607876829
10.016666666666666,13.917593968452328,18.033649834252746
9.966666666666667,13.9327460573258,18.408527997862127
10.35,13.949720019267358,18.863610784863116
8.395833333333334,13.965841213801307,19.349463043383018
8.979166666666668,13.98006695930925,19.972490235534398
7.620833333333333,13.998471893168713,20.629377478073845
6.679166666666666,14.013733067856018,21.342860552636505
9.083333333333334,14.046781690766737,22.274389719440208
9.358333333333333,14.107593805153222,23.235819151248588
6.166666666666667,14.159662654287386,24.482996335632265
6.708333333333333,14.217646558612564,26.028235037895097
6.625,14.290813087669806,27.746118194692286
7.375,14.387154148667259,29.51154860591114
9.166666666666666,14.522086152428974,31.329119512243352
10.958333333333334,14.688256992733898,33.1560875904015
10.083333333333334,14.87588901961279,34.97723535189586
8.208333333333334,15.057426178488946,36.48020329251022
9.25,15.254236635035895,37.421378401306505
8.5,15.448914899352829,38.14619648216095
9.958333333333334,15.663533691385867,38.68493460304898
8.75,15.880353001488727,39.10179248945051
6.041666666666667,16.06256329819779,39.308491787823115
6.291666666666667,16.23052099728772,38.872241677119945
6.916666666666667,16.387431244863983,37.69615136983318
8.416666666666666,16.53653206486786,36.024162736140475
6.833333333333333,16.667120891917303,34.12593410244559
7.291666666666667,16.76299391300007,31.91176490989997
7.333333333333333,16.82377836197577,29.259127074187884
7.875,16.866283124313238,26.375053460856538
6.0,16.85546687416448,23.236833946269115
7.708333333333333,16.80669887033892,20.011007295333535
7.666666666666667,16.751423636497886,17.157702301229246
6.25,16.647562260901847,14.926294285096816
8.208333333333334,16.529130667486893,13.317373833984396
8.791666666666666,16.415143031395896,12.286846775317043
11.458333333333334,16.308577304670084,12.040291361901323
11.291666666666666,16.216127707737616,12.142857138249207
9.583333333333334,16.115826297414603,12.637279280039131
10.862499999999999,16.040763024518473,13.892201333809382
8.308333333333334,15.961323811462245,15.94320887392047
7.083333333333333,15.904294136073537,18.657434099032116
5.583333333333333,15.854926131139772,21.48124542267777
6.833333333333333,15.838986770560345,24.479591429432045
10.125,15.891164350147882,27.522828151890142
8.958333333333334,15.984198420303045,30.703081947418383
9.291666666666666,16.09644258613054,33.455670109005375
10.208333333333334,16.24288687488774,35.60211833815513
9.625,16.41399835469589,37.09002216223326
8.458333333333334,16.584202900334343,37.96142328539111
6.75,16.744359212062708,38.54466814799371
7.0,16.89985110256821,38.756834311337016
5.666666666666667,17.046874826003695,38.44238439005533
5.791666666666667,17.175446583105728,37.64146003337751
8.916666666666666,17.314109070997926,36.575464048279855
11.458333333333334,17.465304430916813,35.446869469256974
12.375,17.61976278384554,34.315978180089616
14.041666666666666,17.76642613326001,33.234098674477416
15.541666666666666,17.91818502129981,32.245073279896694
16.25,18.066489745359245,31.39558775237008
15.291666666666666,18.202661117406613,30.720247416100648
15.416666666666666,18.321450297199465,30.248281610112482
14.875,18.43990447028327,29.99664363618049
13.791666666666666,18.53803506478855,29.92678227037992
12.791666666666666,18.615413280602336,29.744939480183632
12.458333333333334,18.68365324387711,29.44566134762402
10.666666666666666,18.738406894836924,29.057132478733408
10.875,18.775824046823853,28.60959657988332
10.583333333333334,18.802933807264395,27.945436782107222
11.35,18.829737891646577,27.170225840844594
15.233333333333334,18.873703786025242,26.595202994419566
14.708333333333334,18.92902596151634,26.31444982820692
12.5,18.97163647104767,26.342618762525145
10.833333333333334,18.984723229588443,26.600135972057902
14.75,19.015789827570774,26.87492606400103
15.520833333333334,19.0715072796481,27.14243005345071
13.083333333333334,19.124600378138922,27.528137662331577
12.375,19.161815510899743,27.854932399246422
12.625,19.199157769707075,28.30959382416646
13.333333333333334,19.25142983138495,28.81852392948709
11.5,19.30467767098627,29.52266486834382
11.708333333333334,19.351567846699457,30.397332637269955
12.666666666666666,19.42059213174174,31.316397978573846
14.958333333333334,19.502544739007458,31.912652784641168
13.041666666666666,19.596348259237633,32.1586182510301
12.625,19.671319065063596,32.20971169799541
12.166666666666666,19.747145173543455,32.184431987104695
13.208333333333334,19.822053333830187,32.01357562720988
13.541666666666666,19.89741694300793,31.71055207316344
14.416666666666666,19.9718764336105,31.26963939747184
14.875,20.051382842399963,30.76035594663598
14.625,20.123686607025828,30.33491816585891
16.583333333333332,20.199749562552608,29.96714562207646
16.916666666666668,20.28383946705131,29.755026872590236
16.125,20.35959584737422,29.718435997615504
14.416666666666666,20.428526833075907,29.799615439952323
12.791666666666666,20.463566686278003,29.90954579649808
18.291666666666668,20.52362984823853,29.819729659252307
17.708333333333332,20.61365534724532,29.571784068679722
16.416666666666668,20.681006053366584,29.43521556047905
17.241666666666667,20.747726138974254,29.484640474454068
15.741666666666667,20.81160348900512,29.703599405663415
17.875,20.88309674476346,30.055469676349976
18.291666666666668,20.964626271459633,30.340699908991724
18.333333333333332,21.052289181514926,30.740625938315503
14.541666666666666,21.131866868113615,31.25561726468261
12.375,21.17196618041457,31.70466074617886
14.875,21.221331025849036,31.948200120520543
14.083333333333334,21.280357622203557,32.10537759180547
14.166666666666666,21.337867511115604,32.25102452280826
11.958333333333334,21.38797469466765,32.41499882227849
13.0,21.4268269537707,32.54650719131904
12.458333333333334,21.471454387274505,32.640718836284535
17.958333333333332,21.540283926590334,32.53247424161919
17.625,21.62887636081926,32.33753181728739
17.25,21.7177478535438,32.173087645999075
14.5,21.78133143267718,31.81985604408335
12.916666666666666,21.811949294493328,31.36340883973959
14.291666666666666,21.838513082149344,30.813133568146927
15.291666666666666,21.871651874524474,30.292345991635344
15.333333333333334,21.903189152303522,29.869256130289056
17.333333333333332,21.943854054622733,29.466900902063585
15.333333333333334,21.97454262149459,29.15839556759143
15.833333333333334,21.994375353730863,28.900509090279666
15.166666666666666,22.014569629429484,28.820097258223125
17.958333333333332,22.035299752140833,28.918564967317963
21.625,22.09725020746851,28.986236059474653
25.291666666666668,22.199536986598535,29.245928633088795
19.166666666666668,22.300685440254657,29.693624120981486
16.833333333333332,22.338117821583726,30.134267130310963
16.333333333333332,22.380316501089013,30.748971575694537
17.7625,22.42857845133652,31.523143376569426
20.625,22.508525643424317,32.39682432672887
18.541666666666668,22.61696483129875,33.393525436331686
17.166666666666668,22.698046085000026,34.47259060579231
17.541666666666668,22.788621370721533,35.57827978864888
18.458333333333332,22.904257132789365,36.68031158088474
16.25,23.016112312208975,37.65487488394847
15.166666666666666,23.115229698218513,38.32363576396893
16.166666666666668,23.21784884136449,38.68618586370863
15.541666666666666,23.322824679260695,38.73729061043894
17.666666666666668,23.43442373906976,38.374193375366595
16.875,23.54519198940426,37.78197893213911
14.791666666666666,23.62729379743594,36.991392022452885
16.791666666666668,23.69859026181354,36.02596582510112
18.958333333333332,23.78193320449697,35.04800415566259
21.0,23.87266429281337,34.070748553167
18.25,23.948137163686237,32.96352585442064
16.708333333333332,23.983208128384053,31.867121026391345
17.458333333333332,23.99807681380636,30.72442685306876
18.416666666666668,24.01231292537182,29.507318423429464
15.458333333333334,24.00240566415171,28.503917908104878
16.25,23.969556935046914,27.798735203949608
18.833333333333332,23.952186414086015,27.421170292661742
21.583333333333332,23.96706064379434,27.367888859391424
20.5,23.97844002363324,27.591387938118604
21.166666666666668,24.00005913555778,28.188616698552703
22.333333333333332,24.032816247563474,29.04425099116756
24.083333333333332,24.096769047955803,30.177910535563253
22.625,24.175964155969083,31.635381584332265
19.333333333333332,24.24419393544375,33.31683481999627
20.874999999999996,24.317160755562668,34.968371293077254
17.583333333333332,24.40420341924207,36.745577056901844
19.75,24.503688605201987,38.62418261519007
19.875,24.641370625531323,40.49744277137363
18.208333333333332,24.777402555175666,42.10419908905627
18.416666666666668,24.921262275296225,43.32418307248284
19.5,25.083516724097436,44.302213101513
19.541666666666668,25.253864460136956,45.00089838368544
19.666666666666668,25.431795932840302,45.449989594477906
21.208333333333332,25.61788352497202,45.609389194839956
20.333333333333332,25.807921034578808,45.54334476716496
18.291666666666668,25.970887094446013,45.094560082120694
18.5,26.114953450692806,44.41139269698954
18.958333333333332,26.25025485205155,43.49733833134363
18.958333333333332,26.37299760789823,42.168808125898266
17.625,26.46216867042605,40.42772999943303
16.791666666666668,26.52581948155222,38.68999242351499
17.833333333333332,26.568677569952012,37.02461341011087
17.583333333333332,26.60249673000168,35.56201407299039
17.958333333333332,26.616397133506947,34.32450851675843
19.041666666666668,26.61714301462742,33.23537773639119
22.125,26.63073180234476,32.137260171645515
23.208333333333332,26.65358222349727,31.306188123306388
19.625,26.668024692280895,30.885428485668
15.75,26.622646603510944,30.67314380626894
16.208333333333332,26.561352873593837,30.539054084523233
18.208333333333332,26.520269574451362,30.506657515894986
16.75,26.47739423109212,30.587421893360272
16.916666666666668,26.434127589412725,31.05874366085185
18.291666666666668,26.41353527695465,31.993944092883922
17.833333333333332,26.40600929370162,33.258782120867366
15.5,26.395241280957197,34.416438982564806
18.425,26.39442132411864,35.45171492237328
17.875,26.43368730548951,36.75910029680888
18.333333333333332,26.484662254011862,38.36321927424826
16.916666666666668,26.552369862914215,40.186169781263494
17.125,26.625898910576712,42.004774655229475
16.875,26.71690479292407,43.468871710352865
15.208333333333334,26.812193090655597,44.76060312664259
15.708333333333334,26.914133598080912,45.875415628241456
18.833333333333332,27.045886170814967,46.727814834976904
18.083333333333332,27.19292763160038,47.16615669976694
19.833333333333332,27.34368676615132,47.24010642979973
14.375,27.469464414839052,46.697872268191524
15.083333333333334,27.55348165278799,45.79212844220476
15.125,27.64103884319869,44.74083560434201
16.591666666666665,27.717551085262688,43.54160256938885
18.233333333333334,27.796922697529777,42.26136996600784
10.512500000000001,27.826820792302822,41.11664880787195
12.441666666666668,27.819686456073352,40.11828451109526
20.066666666666666,27.839853983742145,38.95945976114771
19.833333333333332,27.88020239921399,37.50525076051627
15.083333333333334,27.88155420087224,35.8213263019834
12.208333333333334,27.822014027794506,34.18881340298876
11.3125,27.727217984936214,32.645769537130136
11.508333333333335,27.615278733431506,31.39944307909644
12.125,27.500627835206416,30.6365690978395
15.5,27.404264045824377,30.444156392940723
17.083333333333332,27.34185741614661,30.850326950303327
14.166666666666666,27.283828094671673,31.800316073966187
12.625,27.20271428559417,33.12187067429626
11.983333333333334,27.13868368469078,34.861593731786705
14.137500000000001,27.1018849651521,36.726699128376644
13.708333333333334,27.098899834929238,38.81725353325813
12.708333333333334,27.109742921353263,41.01097547193364
13.416666666666666,27.14167295097782,42.97889987943521
15.875,27.213763641294296,44.88132136543064
16.666666666666668,27.319018828277564,46.27860781408409
14.916666666666666,27.42835415810515,47.24459306235763
12.416666666666666,27.51656633114143,47.61653592552228
12.3125,27.59976889363237,47.698309844214265
12.958333333333334,27.685122033464477,47.57559463063436
12.25,27.768750300557418,47.14223879349692
11.291666666666666,27.82810058678892,46.51605333539203
10.666666666666666,27.87086304884519,45.537628284110944
10.458333333333334,27.892858727994156,44.21397045159248
11.166666666666666,27.90417344791599,42.62833975056636
12.5,27.902810627633514,40.6945756367458
12.125,27.879757960656207,38.37162649011048
13.041666666666666,27.8321438407457,35.80382483019848
12.791666666666666,27.75869104313612,33.05199229445581
11.541666666666666,27.645540161279825,30.229603252556686
12.5,27.50651116242572,27.69571299479648
13.958333333333334,27.357378658288074,25.27058609361318
12.958333333333334,27.17809883794342,22.998476576312484
12.75,26.97876642946518,20.98495818789713
9.041666666666666,26.740952187753127,19.468832594234524
11.458333333333334,26.489862157865772,18.790880315423255
14.333333333333334,26.2753223627938,18.946241326164635
13.666666666666666,26.084087622782295,19.903811624998372
13.291666666666666,25.894923379672743,21.607024625704714
14.75,25.745332669487933,23.701096981146822
12.258333333333333,25.61849090987862,26.271662270516
5.483333333333333,25.472612750379763,29.28019989699371
6.870833333333334,25.340193581358196,32.52702802920813
9.316666666666666,25.268246644038594,35.60444153763279
10.041666666666666,25.2473261646151,38.43185882776786
10.583333333333334,25.261016454403062,40.81346371045752
10.5625,25.300525325350502,42.63419533148449
10.375,25.356040539686315,43.81742026930345
10.833333333333334,25.424856034485344,44.40012369799944
11.625,25.50078026124123,44.64508825237885
10.583333333333334,25.577603045858044,44.38317573283629
11.0,25.646226320317638,43.810017018248324
9.791666666666666,25.696103820004897,42.67551230404914
8.708333333333334,25.71602288148007,41.2205468105742
9.125,25.715682194882376,39.437854059844405
12.75,25.719870699122804,37.37124931092642
12.958333333333334,25.712374199471274,35.13945359975565
11.25,25.67682330115107,32.694063532658525
7.125,25.562919061622917,30.038227423065482
10.25,25.437778345736195,27.26665191837759
9.75,25.28553219999475,24.63429507468108
11.291666666666666,25.123448749119415,22.359798421428806
8.75,24.939518068306953,20.532504485837674
4.9125,24.698709263846876,19.275818427050734
5.3374999999999995,24.43581622402736,18.59885947103312
5.125,24.17998082307608,18.412256008087574
4.791666666666667,23.92302483594312,18.723654764627053
6.125,23.677895327782476,19.574622100347796
9.875,23.487416659957944,20.703450193625912
6.625,23.315272778764964,22.16893115748763
3.75,23.12177640287412,23.745967271384956
8.858333333333334,22.973890139400357,25.40550802906979
10.083333333333334,22.879539937110042,27.30680899744539
8.833333333333334,22.80772548458579,29.298236333171914
10.583333333333334,22.75513029180897,31.23307965313433
12.625,22.76068735977788,32.94523526175558
12.75,22.778138557408983,34.46351838928722
10.083333333333334,22.816289419876643,35.63805235800725
7.583333333333333,22.816527301788767,36.61096494409959
7.791666666666667,22.831605431847077,37.16711793890873
6.666666666666667,22.839413811439343,37.235619398583516
3.9583333333333335,22.82352086095041,36.871066926539534
2.75,22.78614789120256,36.24621251068983
1.9166666666666667,22.72804505496545,35.34162360506976
4.583333333333333,22.673496767305494,34.12109246392963
3.6666666666666665,22.611637375694468,32.50642982179618
2.8333333333333335,22.519744566619213,30.638380777465724
3.5,22.405395123368752,28.716347016810104
3.7916666666666665,22.279018756185398,26.66164234386559
2.875,22.133283056629622,24.660383233668707
1.5416666666666667,21.946486303372836,22.89870586465008
1.7916666666666667,21.755782488674395,21.373300481521
3.9583333333333335,21.545013660200677,20.14551662030074
2.8333333333333335,21.354368434022422,19.287337235270737
7.958333333333333,21.160779664666432,18.582118235531528
8.208333333333334,21.005547666380497,18.079135751453986
7.375,20.83277018167397,17.865766861507957
11.458333333333334,20.690033356484538,18.037268725588742
10.666666666666666,20.570765180735588,18.620414930793608
8.5,20.443126289267884,19.389524157690776
8.25,20.315078479878775,20.4287561423624
8.041666666666666,20.19788241216615,21.52847552576813
