0.37083333333333335,0.37083333333333335,13.848980088716948
9.241666666666665,9.241666666666665,8.55131818213818
10.329166666666667,10.329166666666667,3.68359542402655
6.779166666666665,6.779166666666665,2.4342282410116822
8.554166666666665,8.554166666666665,4.6848337279558105
10.262500000000001,10.262500000000001,10.095868844075529
7.795833333333332,7.795833333333332,16.145185160469964
8.245833333333334,8.245833333333334,19.016679929667344
4.916666666666667,4.916666666666667,16.614361219373034
3.6875,3.6875,9.22185022848254
8.600000000000001,8.600000000000001,0.2506995228166855
8.012500000000001,8.012500000000001,-4.042687026101138
4.941666666666666,4.941666666666666,-1.6187722471656512
4.2125,4.2125,5.102616862485344
6.2749999999999995,6.2749999999999995,12.837137360213546
4.816666666666666,4.816666666666666,17.549131433397957
5.170833333333333,5.170833333333333,16.836947227621256
6.241666666666667,6.241666666666667,10.899760476502664
6.370833333333333,6.370833333333333,3.0281189246030955
2.779166666666667,2.779166666666667,-2.8351716026387153
7.466666666666669,7.466666666666669,-4.377430680302821
6.345833333333332,6.345833333333332,1.211037158520113
5.3625,5.3625,10.37898890092828
3.2708333333333335,3.2708333333333335,18.00447369503762
2.0541666666666667,2.0541666666666667,18.885924250915497
4.058333333333333,4.058333333333333,12.179370321770312
2.291666666666667,2.291666666666667,2.1775098496944962
5.258333333333332,5.258333333333332,-5.756153752031011
11.541666666666666,11.541666666666666,-6.339759464702412
12.829166666666667,12.829166666666667,3.162120901109278
11.65,11.65,18.441318579130066
4.05,4.05,30.325929015216698
4.795833333333333,4.795833333333333,30.152517514492146
2.8958333333333335,2.8958333333333335,17.000813144767577
6.941666666666667,6.941666666666667,-2.1988231496444715
5.283333333333333,5.283333333333333,-16.230370407709778
7.645833333333335,7.645833333333335,-16.985202616935812
9.316666666666668,9.316666666666668,-3.9370507633968255
2.3833333333333333,2.3833333333333333,15.895880829861264
8.466666666666667,8.466666666666667,30.326591170458812
8.408333333333333,8.408333333333333,33.55331621256025
6.8625,6.8625,24.10223958087425
11.729166666666666,11.729166666666666,6.805680547260109
6.066666666666666,6.066666666666666,-8.166239233471828
3.8375,3.8375,-14.078016079233315
4.2749999999999995,4.2749999999999995,-8.684735458793302
5.270833333333333,5.270833333333333,5.130718589246125
7.675000000000002,7.675000000000002,20.073908421716578
9.879166666666666,9.879166666666666,29.249357664538348
6.312499999999999,6.312499999999999,28.731276532625348
7.875,7.875,17.890913557384344
10.016666666666666,10.016666666666666,3.3830394221803726
9.966666666666667,9.966666666666667,-6.289756651810737
10.35,10.35,-6.055405690258
8.395833333333334,8.395833333333334,3.8002487523606536
8.979166666666668,8.979166666666668,17.775484868608636
7.620833333333333,7.620833333333333,28.243462124229183
6.679166666666666,6.679166666666666,29.255540021098213
9.083333333333334,9.083333333333334,20.541647503409795
9.358333333333333,9.358333333333333,7.22713433139677
6.166666666666667,6.166666666666667,-2.994175660618959
6.708333333333333,6.708333333333333,-5.671983473372941
6.625,6.625,0.3986938211178048
7.375,7.375,11.859168917652914
9.166666666666666,9.166666666666666,23.423063365977857
10.958333333333334,10.958333333333334,29.89832130473127
10.083333333333334,10.083333333333334,28.614801663031642
8.208333333333334,8.208333333333334,19.27932495047127
9.25,9.25,5.769559444156627
8.5,8.5,-3.772859812824047
9.958333333333334,9.958333333333334,-4.180530983894266
8.75,8.75,5.588748515749739
6.041666666666667,6.041666666666667,19.396234798129445
6.291666666666667,6.291666666666667,27.753173651804932
6.916666666666667,6.916666666666667,25.90968940977449
8.416666666666666,8.416666666666666,15.589644548670783
6.833333333333333,6.833333333333333,3.2909938986173817
7.291666666666667,7.291666666666667,-5.122752869961983
7.333333333333333,7.333333333333333,-5.907956097537235
7.875,7.875,1.8322340476808952
6.0,6.0,13.702419622995498
7.708333333333333,7.708333333333333,22.7340585277607
7.666666666666667,7.666666666666667,25.765686775246305
6.25,6.25,21.58233864480236
8.208333333333334,8.208333333333334,11.674215312465854
8.791666666666666,8.791666666666666,1.8419402170680481
11.458333333333334,11.458333333333334,-1.7037256374570944
11.291666666666666,11.291666666666666,2.842048337208747
9.583333333333334,9.583333333333334,13.223623029247571
10.862499999999999,10.862499999999999,24.46526969184416
8.308333333333334,8.308333333333334,30.761773450627093
7.083333333333333,7.083333333333333,27.717065265192048
5.583333333333333,5.583333333333333,15.17862891068986
6.833333333333333,6.833333333333333,-0.46932124192109254
10.125,10.125,-10.1885035328714
8.958333333333334,8.958333333333334,-7.045723879205229
9.291666666666666,9.291666666666666,5.751656675640987
10.208333333333334,10.208333333333334,21.289318842481304
9.625,9.625,31.919129547485557
8.458333333333334,8.458333333333334,32.085472098306596
6.75,6.75,21.92490263975023
7.0,7.0,6.005730298143265
5.666666666666667,5.666666666666667,-7.646565648938196
5.791666666666667,5.791666666666667,-12.26522723612392
8.916666666666666,8.916666666666666,-4.760561566502721
11.458333333333334,11.458333333333334,12.620803361859998
12.375,12.375,31.971524921371767
14.041666666666666,14.041666666666666,43.63621507945419
15.541666666666666,15.541666666666666,42.23324691009915
16.25,16.25,29.342441583883456
15.291666666666666,15.291666666666666,12.106421942419004
15.416666666666666,15.416666666666666,-0.6765763835076032
14.875,14.875,-2.192257187049963
13.791666666666666,13.791666666666666,8.024259693527666
12.791666666666666,12.791666666666666,23.175857419319872
12.458333333333334,12.458333333333334,34.67466080800308
10.666666666666666,10.666666666666666,36.24824381098821
10.875,10.875,26.315848411234185
10.583333333333334,10.583333333333334,9.533005391407503
11.35,11.35,-4.979077839343627
15.233333333333334,15.233333333333334,-8.236098941261998
14.708333333333334,14.708333333333334,3.0855896927978694
12.5,12.5,23.094833974563922
10.833333333333334,10.833333333333334,39.969949160526085
14.75,14.75,43.74238213453302
15.520833333333334,15.520833333333334,33.7730124145807
13.083333333333334,13.083333333333334,16.08015978306781
12.375,12.375,-1.162866170509693
12.625,12.625,-8.972250737648922
13.333333333333334,13.333333333333334,-3.174728127626476
11.5,11.5,13.729900801516719
11.708333333333334,11.708333333333334,32.093517499739384
12.666666666666666,12.666666666666666,42.04953849707244
14.958333333333334,14.958333333333334,37.88563170071168
13.041666666666666,13.041666666666666,22.661110011312186
12.625,12.625,4.368975767741004
12.166666666666666,12.166666666666666,-7.410468110168634
13.208333333333334,13.208333333333334,-6.606050911705808
13.541666666666666,13.541666666666666,6.677922045059251
14.416666666666666,14.416666666666666,25.55593570236164
14.875,14.875,40.59990478039746
14.625,14.625,44.37877766884356
16.583333333333332,16.583333333333332,34.84634178739514
16.916666666666668,16.916666666666668,17.984795652173908
16.125,16.125,2.95464518219099
14.416666666666666,14.416666666666666,-2.6153571460699534
12.791666666666666,12.791666666666666,3.0244300887687925
18.291666666666668,18.291666666666668,15.875471314795874
17.708333333333332,17.708333333333332,31.365563453240885
16.416666666666668,16.416666666666668,41.95306005362832
17.241666666666667,17.241666666666667,41.5013603052761
15.741666666666667,15.741666666666667,30.371062675039983
17.875,17.875,14.239577027632082
18.291666666666668,18.291666666666668,1.8504503712678906
18.333333333333332,18.333333333333332,0.38049357862821825
14.541666666666666,14.541666666666666,10.64213410348364
12.375,12.375,25.304200077868803
14.875,14.875,35.193390272679075
14.083333333333334,14.083333333333334,36.11531891994102
14.166666666666666,14.166666666666666,27.679725688202677
11.958333333333334,11.958333333333334,14.299187310442429
13.0,13.0,2.1699605611229598
12.458333333333334,12.458333333333334,-2.183491572104401
17.958333333333332,17.958333333333332,3.638468440843131
17.625,17.625,18.550599190617415
17.25,17.25,35.31370848154833
14.5,14.5,44.296493875109235
12.916666666666666,12.916666666666666,39.57032054228506
14.291666666666666,14.291666666666666,22.841919962740217
15.291666666666666,15.291666666666666,3.6795314841309987
15.333333333333334,15.333333333333334,-7.172190379925925
17.333333333333332,17.333333333333332,-3.780647149836423
15.333333333333334,15.333333333333334,12.735964870514694
15.833333333333334,15.833333333333334,32.89185297241837
15.166666666666666,15.166666666666666,46.26607487505222
17.958333333333332,17.958333333333332,45.630105466409844
21.625,21.625,32.07257630293927
25.291666666666668,25.291666666666668,15.291818071289663
19.166666666666668,19.166666666666668,5.6701940005688245
16.833333333333332,16.833333333333332,5.378331277514039
16.333333333333332,16.333333333333332,13.435016317487799
17.7625,17.7625,25.52991034444918
20.625,20.625,35.79402935288926
18.541666666666668,18.541666666666668,40.29652963918149
17.166666666666668,17.166666666666668,35.87364270625857
17.541666666666668,17.541666666666668,23.91784880150804
18.458333333333332,18.458333333333332,11.121098737766394
16.25,16.25,4.397457416052945
15.166666666666666,15.166666666666666,5.993014001265682
16.166666666666668,16.166666666666668,14.543311592293088
15.541666666666666,15.541666666666666,25.750028624855872
17.666666666666668,17.666666666666668,33.47344625834217
16.875,16.875,34.75143239759652
14.791666666666666,14.791666666666666,28.568112207698377
16.791666666666668,16.791666666666668,17.399050715807984
18.958333333333332,18.958333333333332,8.202362300785198
21.0,21.0,6.9679109262305685
18.25,18.25,14.710134636042639
16.708333333333332,16.708333333333332,26.624636362375753
17.458333333333332,17.458333333333332,35.27282068813471
18.416666666666668,18.416666666666668,36.160913765169326
15.458333333333334,15.458333333333334,29.577161295557058
16.25,16.25,18.081482563250216
18.833333333333332,18.833333333333332,7.976595438803969
21.583333333333332,21.583333333333332,6.132699590445436
20.5,20.5,14.397825860944925
21.166666666666668,21.166666666666668,28.383133090098813
22.333333333333332,22.333333333333332,40.8082937698616
24.083333333333332,24.083333333333332,45.77811920821893
22.625,22.625,41.51643356229611
19.333333333333332,19.333333333333332,29.58629009509612
20.874999999999996,20.874999999999996,14.511956844175641
17.583333333333332,17.583333333333332,4.776825173661508
19.75,19.75,4.764886282156174
19.875,19.875,15.089718929961805
18.208333333333332,18.208333333333332,30.018464666182044
18.416666666666668,18.416666666666668,40.68167924893425
19.5,19.5,41.93931258237254
19.541666666666668,19.541666666666668,33.428871171476025
19.666666666666668,19.666666666666668,19.89719866001988
21.208333333333332,21.208333333333332,8.677294106152623
20.333333333333332,20.333333333333332,6.433126695062757
18.291666666666668,18.291666666666668,13.672272626205752
18.5,18.5,25.873935097696663
18.958333333333332,18.958333333333332,36.463455139558235
18.958333333333332,18.958333333333332,39.576627810220224
17.625,17.625,33.2392611866293
16.791666666666668,16.791666666666668,20.929306764034212
17.833333333333332,17.833333333333332,8.968637602852525
17.583333333333332,17.583333333333332,4.201322248217269
17.958333333333332,17.958333333333332,9.138480468182307
19.041666666666668,19.041666666666668,20.948255023534013
22.125,22.125,33.47359958066354
23.208333333333332,23.208333333333332,41.962607000615755
19.625,19.625,42.80797060666651
15.75,15.75,33.494740166814935
16.208333333333332,16.208333333333332,16.62857858067336
18.208333333333332,18.208333333333332,1.3972117514957618
16.75,16.75,-3.450774834039033
16.916666666666668,16.916666666666668,4.770978354935382
18.291666666666668,18.291666666666668,22.066765569744717
17.833333333333332,17.833333333333332,39.62648348369115
15.5,15.5,46.90855253606816
18.425,18.425,39.239549541417674
17.875,17.875,22.597348892779564
18.333333333333332,18.333333333333332,6.245463552671249
16.916666666666668,16.916666666666668,-1.1687849892350808
17.125,17.125,3.43003722244608
16.875,16.875,16.64603006507117
15.208333333333334,15.208333333333334,31.952591827271334
15.708333333333334,15.708333333333334,40.72032340370813
18.833333333333332,18.833333333333332,38.60642193475022
18.083333333333332,18.083333333333332,27.58020163850021
19.833333333333332,19.833333333333332,13.709951267359443
14.375,14.375,3.7260821413906027
15.083333333333334,15.083333333333334,1.5044413736828128
15.125,15.125,8.601123269041496
16.591666666666665,16.591666666666665,21.539767475482677
18.233333333333334,18.233333333333334,34.09835469001042
10.512500000000001,10.512500000000001,40.047180977067576
12.441666666666668,12.441666666666668,33.796653541373196
20.066666666666666,20.066666666666666,18.454419759417487
19.833333333333332,19.833333333333332,4.407841181065036
15.083333333333334,15.083333333333334,-0.6664874867708512
12.208333333333334,12.208333333333334,4.535793195359781
11.3125,11.3125,15.596961327167223
11.508333333333335,11.508333333333335,26.33749241372085
12.125,12.125,31.479922660945988
15.5,15.5,29.01422075037577
17.083333333333332,17.083333333333332,21.82514173515625
14.166666666666666,14.166666666666666,14.481224109883215
12.625,12.625,9.262989705979715
11.983333333333334,11.983333333333334,8.182508357150379
14.137500000000001,14.137500000000001,11.260468515827293
13.708333333333334,13.708333333333334,17.91864871870114
12.708333333333334,12.708333333333334,24.480730627457984
13.416666666666666,13.416666666666666,26.424832111632288
15.875,15.875,23.74520478388877
16.666666666666668,16.666666666666668,18.034934587132486
14.916666666666666,14.916666666666666,12.979032481122578
12.416666666666666,12.416666666666666,9.90266571256018
12.3125,12.3125,10.171140031973582
12.958333333333334,12.958333333333334,13.801373522682644
12.25,12.25,18.873247108936415
11.291666666666666,11.291666666666666,22.551368936779596
10.666666666666666,10.666666666666666,21.868933548008155
10.458333333333334,10.458333333333334,16.785391357698426
11.166666666666666,11.166666666666666,10.063910037510144
12.5,12.5,5.2625803772386215
12.125,12.125,5.057135551081765
13.041666666666666,13.041666666666666,9.707110126537446
12.791666666666666,12.791666666666666,16.952011661664155
11.541666666666666,11.541666666666666,22.750419586896687
12.5,12.5,24.317557951602236
13.958333333333334,13.958333333333334,20.64776665609608
12.958333333333334,12.958333333333334,14.029553256875014
12.75,12.75,7.68572248255198
9.041666666666666,9.041666666666666,4.963888459556794
11.458333333333334,11.458333333333334,6.699118121280969
14.333333333333334,14.333333333333334,12.887659648176841
13.666666666666666,13.666666666666666,21.583938068127438
13.291666666666666,13.291666666666666,27.941115548361818
14.75,14.75,27.81681195549183
12.258333333333333,12.258333333333333,22.095208765094924
5.483333333333333,5.483333333333333,12.413879731805565
6.870833333333334,6.870833333333334,1.1419697630314927
9.316666666666666,9.316666666666666,-6.2512590006245
10.041666666666666,10.041666666666666,-4.570150748107743
10.583333333333334,10.583333333333334,5.536137434638213
10.5625,10.5625,18.836251760800547
10.375,10.375,28.28993784602145
10.833333333333334,10.833333333333334,29.093752273983455
11.625,11.625,21.72044294602104
10.583333333333334,10.583333333333334,9.916362934006344
11.0,11.0,0.21506647417699906
9.791666666666666,9.791666666666666,-3.005679761551558
8.708333333333334,8.708333333333334,1.8488526180171958
9.125,9.125,11.534474133997278
12.75,12.75,21.39550777343152
12.958333333333334,12.958333333333334,27.664398754494925
11.25,11.25,26.938781319139157
7.125,7.125,18.160620835116386
10.25,10.25,4.568378925799418
9.75,9.75,-5.291377940937651
11.291666666666666,11.291666666666666,-5.796076236559325
8.75,8.75,3.963493744444188
4.9125,4.9125,17.667067259137244
5.3374999999999995,5.3374999999999995,26.19121421633169
5.125,5.125,24.727401971717004
4.791666666666667,4.791666666666667,14.025124121263687
6.125,6.125,-0.35085200112705633
9.875,9.875,-10.407985086203054
6.625,6.625,-9.068554456769947
3.75,3.75,1.1430293990619704
8.858333333333334,8.858333333333334,14.015504207148007
10.083333333333334,10.083333333333334,25.112720232699875
8.833333333333334,8.833333333333334,29.128329711303078
10.583333333333334,10.583333333333334,23.36821861701203
12.625,12.625,11.556182281284348
12.75,12.75,1.1300004169117701
10.083333333333334,10.083333333333334,-2.613488789072417
7.583333333333333,7.583333333333333,1.4965712565499858
7.791666666666667,7.791666666666667,9.596043587094364
6.666666666666667,6.666666666666667,17.382509681834403
3.9583333333333335,3.9583333333333335,20.011365638425445
2.75,2.75,15.311741288008148
1.9166666666666667,1.9166666666666667,4.94425628202457
4.583333333333333,4.583333333333333,-5.858618443466597
3.6666666666666665,3.6666666666666665,-10.80412669378557
2.8333333333333335,2.8333333333333335,-7.3275246234625335
3.5,3.5,2.6145386493687286
3.7916666666666665,3.7916666666666665,13.605473087735781
2.875,2.875,20.34818348657521
1.5416666666666667,1.5416666666666667,18.966602788014885
1.7916666666666667,1.7916666666666667,9.583324537656447
3.9583333333333335,3.9583333333333335,-2.745005521676026
2.8333333333333335,2.8333333333333335,-10.640417542963448
7.958333333333333,7.958333333333333,-10.243969352517864
8.208333333333334,8.208333333333334,0.0731540046850568
7.375,7.375,15.457295676853313
11.458333333333334,11.458333333333334,27.89119727400546
10.666666666666666,10.666666666666666,32.47713777678147
8.5,8.5,26.12254840498808
8.25,8.25,11.503729138381749
8.041666666666666,8.041666666666666,-4.389046432957611
