0.37083333333333335,0.37083333333333335,13.679103278074784
9.241666666666665,9.241666666666665,8.249700996274244
10.329166666666667,10.329166666666667,3.5199943719401574
6.779166666666665,6.779166666666665,2.4632750398213554
8.554166666666665,8.554166666666665,4.870479617122776
10.262500000000001,10.262500000000001,10.386743897737304
7.795833333333332,7.795833333333332,16.370746492121064
8.245833333333334,8.245833333333334,19.039122423272275
4.916666666666667,4.916666666666667,16.389051893486577
3.6875,3.6875,8.814774717396634
8.600000000000001,8.600000000000001,-0.07557858357558027
8.012500000000001,8.012500000000001,-4.066320392811844
4.941666666666666,4.941666666666666,-1.3760208916416647
4.2125,4.2125,5.443746159174399
6.2749999999999995,6.2749999999999995,13.116344357533512
4.816666666666666,4.816666666666666,17.616999328331698
5.170833333333333,5.170833333333333,16.648379882013
6.241666666666667,6.241666666666667,10.573442579362872
6.370833333333333,6.370833333333333,2.7504746592133595
2.779166666666667,2.779166666666667,-2.9603272457368894
7.466666666666669,7.466666666666669,-4.268434022046478
6.345833333333332,6.345833333333332,1.5384148627352057
5.3625,5.3625,10.72171706300486
3.2708333333333335,3.2708333333333335,18.149853927076823
2.0541666666666667,2.0541666666666667,18.718281333809568
4.058333333333333,4.058333333333333,11.800273658068713
2.291666666666667,2.291666666666667,1.788867760833523
5.258333333333332,5.258333333333332,-5.937217747062536
11.541666666666666,11.541666666666666,-6.107939519036321
12.829166666666667,12.829166666666667,3.765252321703329
11.65,11.65,19.096792125049713
4.05,4.05,30.583883749379723
4.795833333333333,4.795833333333333,29.799506336859864
2.8958333333333335,2.8958333333333335,16.21284681652539
6.941666666666667,6.941666666666667,-2.974875300636724
5.283333333333333,5.283333333333333,-16.55902548579665
7.645833333333335,7.645833333333335,-16.684187599773892
9.316666666666668,9.316666666666668,-3.1206005776990455
2.3833333333333333,2.3833333333333333,16.72744736559527
8.466666666666667,8.466666666666667,30.734830124424047
8.408333333333333,8.408333333333333,33.38968623793943
6.8625,6.8625,23.427874899815986
11.729166666666666,11.729166666666666,6.019543989218497
6.066666666666666,6.066666666666666,-8.659954344385708
3.8375,3.8375,-14.10705117466322
4.2749999999999995,4.2749999999999995,-8.250009304291353
5.270833333333333,5.270833333333333,5.815121952559433
7.675000000000002,7.675000000000002,20.683736272753688
9.879166666666666,9.879166666666666,29.514098843066293
6.312499999999999,6.312499999999999,28.487636914267934
7.875,7.875,17.249998781208163
10.016666666666666,10.016666666666666,2.7294894092945423
9.966666666666667,9.966666666666667,-6.585979866554587
10.35,10.35,-5.8412201490360225
8.395833333333334,8.395833333333334,4.397018224703233
8.979166666666668,8.979166666666668,18.421034949885556
7.620833333333333,7.620833333333333,28.5913659378954
6.679166666666666,6.679166666666666,29.093421107854436
9.083333333333334,9.083333333333334,19.97467136156836
9.358333333333333,9.358333333333333,6.591909701183446
6.166666666666667,6.166666666666667,-3.411094467805691
6.708333333333333,6.708333333333333,-5.668385643348614
6.625,6.625,0.8187237331093212
7.375,7.375,12.483286598744302
9.166666666666666,9.166666666666666,23.962607278963773
10.958333333333334,10.958333333333334,30.095144048498017
10.083333333333334,10.083333333333334,28.376556918286898
8.208333333333334,8.208333333333334,18.695579255893783
9.25,9.25,5.155942378252608
8.5,8.5,-4.114190256270464
9.958333333333334,9.958333333333334,-4.034475272071856
8.75,8.75,6.1466010071701085
6.041666666666667,6.041666666666667,20.00730850075767
6.291666666666667,6.291666666666667,28.083221426137246
6.916666666666667,6.916666666666667,25.786272514999226
8.416666666666666,8.416666666666666,15.0957910155848
6.833333333333333,6.833333333333333,2.6986614486795584
7.291666666666667,7.291666666666667,-5.5114474242566525
7.333333333333333,7.333333333333333,-5.896142250418801
7.875,7.875,2.2681687380723514
6.0,6.0,14.297473794155657
7.708333333333333,7.708333333333333,23.16219617714799
7.666666666666667,7.666666666666667,25.850357407608556
6.25,6.25,21.233758137592666
8.208333333333334,8.208333333333334,11.093140021059876
8.791666666666666,8.791666666666666,1.3697316244869437
11.458333333333334,11.458333333333334,-1.7851759234347926
11.291666666666666,11.291666666666666,3.230988262110951
9.583333333333334,9.583333333333334,13.83930795797209
10.862499999999999,10.862499999999999,25.0015244780642
8.308333333333334,8.308333333333334,30.881286399225242
7.083333333333333,7.083333333333333,27.351085771893093
5.583333333333333,5.583333333333333,14.471355806285805
6.833333333333333,6.833333333333333,-1.148594340362625
10.125,10.125,-10.412692757402427
8.958333333333334,8.958333333333334,-6.678302399304255
9.291666666666666,9.291666666666666,6.498474548865246
10.208333333333334,10.208333333333334,22.037882492335893
9.625,9.625,32.286664211531885
8.458333333333334,8.458333333333334,31.846086914939335
6.75,6.75,21.168949306422473
7.0,7.0,5.124570374146574
5.666666666666667,5.666666666666667,-8.193232756892057
5.791666666666667,5.791666666666667,-12.21100011905932
8.916666666666666,8.916666666666666,-4.089545666903104
11.458333333333334,11.458333333333334,13.61219075992291
12.375,12.375,32.80034767583231
14.041666666666666,14.041666666666666,43.88187153257709
15.541666666666666,15.541666666666666,41.80921410588176
16.25,16.25,28.4960063802383
15.291666666666666,15.291666666666666,11.285554515370032
15.416666666666666,15.416666666666666,-1.0538561554934793
14.875,14.875,-1.9128777265050612
13.791666666666666,13.791666666666666,8.78386177379088
12.791666666666666,12.791666666666666,23.98287054739672
12.458333333333334,12.458333333333334,35.089537871996356
10.666666666666666,10.666666666666666,36.03330015484051
10.875,10.875,25.5620309706207
10.583333333333334,10.583333333333334,8.636335109448853
11.35,11.35,-5.532154195996174
15.233333333333334,15.233333333333334,-8.103309763377519
14.708333333333334,14.708333333333334,3.8709687098187024
12.5,12.5,24.095467217287005
10.833333333333334,10.833333333333334,40.59521601979324
14.75,14.75,43.698809136632285
15.520833333333334,15.520833333333334,33.12848382484653
13.083333333333334,13.083333333333334,15.166207263297322
12.375,12.375,-1.9038650973303177
12.625,12.625,-9.157807716623578
13.333333333333334,13.333333333333334,-2.6854721199272427
11.5,11.5,14.621411923448855
11.708333333333334,11.708333333333334,32.88569167011155
12.666666666666666,12.666666666666666,42.35701021424696
14.958333333333334,14.958333333333334,37.56479056649318
13.041666666666666,13.041666666666666,21.897780892129777
12.625,12.625,3.5224955607751114
12.166666666666666,12.166666666666666,-7.887530178080065
13.208333333333334,13.208333333333334,-6.4558486095910395
13.541666666666666,13.541666666666666,7.386353113787737
14.416666666666666,14.416666666666666,26.45874746659275
14.875,14.875,41.24111264647982
14.625,14.625,44.41753284368607
16.583333333333332,16.583333333333332,34.28335908098106
16.916666666666668,16.916666666666668,17.144590088902124
16.125,16.125,2.2724214343469145
14.416666666666666,14.416666666666666,-2.7891329941403797
12.791666666666666,12.791666666666666,3.384448353730594
18.291666666666668,18.291666666666668,16.637859789723905
17.708333333333332,17.708333333333332,32.19326273425159
16.416666666666668,16.416666666666668,42.36290931998278
17.241666666666667,17.241666666666667,41.27886892655412
15.741666666666667,15.741666666666667,29.627913208329645
17.875,17.875,13.385581160342957
18.291666666666668,18.291666666666668,1.3557019921279299
18.333333333333332,18.333333333333332,0.5113780350904363
14.541666666666666,14.541666666666666,11.306366580613288
12.375,12.375,26.062118592752483
14.875,14.875,35.65581013798358
14.083333333333334,14.083333333333334,36.05257145510042
14.166666666666666,14.166666666666666,27.118872385674198
11.958333333333334,11.958333333333334,13.520260403556037
13.0,13.0,1.5602950287868156
12.458333333333334,12.458333333333334,-2.2867773392810737
17.958333333333332,17.958333333333332,4.152348138342247
17.625,17.625,19.454846895771322
17.25,17.25,36.14069263124153
14.5,14.5,44.567526905382415
12.916666666666666,12.916666666666666,39.08142898446017
14.291666666666666,14.291666666666666,21.85631152157005
15.291666666666666,15.291666666666666,2.744807542784073
15.333333333333334,15.333333333333334,-7.549589696860754
17.333333333333332,17.333333333333332,-3.3690296053140014
15.333333333333334,15.333333333333334,13.708285094229907
15.833333333333334,15.833333333333334,33.89374586621482
15.166666666666666,15.166666666666666,46.770024135378556
17.958333333333332,17.958333333333332,45.376615497470006
21.625,21.625,31.283439216564286
25.291666666666668,25.291666666666668,14.466320985521874
19.166666666666668,19.166666666666668,5.242983181570732
16.833333333333332,16.833333333333332,5.4315890084364655
16.333333333333332,16.333333333333332,13.934732475208358
17.7625,17.7625,26.211233445852468
20.625,20.625,36.34625270902777
18.541666666666668,18.541666666666668,40.46726592482131
17.166666666666668,17.166666666666668,35.49433646061578
17.541666666666668,17.541666666666668,23.186646530914473
18.458333333333332,18.458333333333332,10.456585685434044
16.25,16.25,4.1272803774944835
15.166666666666666,15.166666666666666,6.219403200881156
16.166666666666668,16.166666666666668,15.144533149403204
15.541666666666666,15.541666666666666,26.414333034118155
17.666666666666668,17.666666666666668,33.87088087466926
16.875,16.875,34.68365429833785
14.791666666666666,14.791666666666666,28.032468062065124
16.791666666666668,16.791666666666668,16.679065985127778
18.958333333333332,18.958333333333332,7.730192094493376
21.0,21.0,7.042737028589902
18.25,18.25,15.28932878501451
16.708333333333332,16.708333333333332,27.34423869456735
17.458333333333332,17.458333333333332,35.741657758425276
18.416666666666668,18.416666666666668,36.155970031362735
15.458333333333334,15.458333333333334,29.072152934259975
16.25,16.25,17.31489191710661
18.833333333333332,18.833333333333332,7.39955295817192
21.583333333333332,21.583333333333332,6.127180863786557
20.5,20.5,14.957481337765577
21.166666666666668,21.166666666666668,29.223521810256738
22.333333333333332,22.333333333333332,41.49345072119531
24.083333333333332,24.083333333333332,45.98615808617103
22.625,22.625,41.14025708283869
19.333333333333332,19.333333333333332,28.77144252363674
20.874999999999996,20.874999999999996,13.66163396196846
17.583333333333332,17.583333333333332,4.32806350152059
19.75,19.75,4.940711512819852
19.875,19.875,15.841337067898413
18.208333333333332,18.208333333333332,30.912865936224765
18.416666666666668,18.416666666666668,41.23066831477477
19.5,19.5,41.867870814512045
19.541666666666668,19.541666666666668,32.77913740368231
19.666666666666668,19.666666666666668,19.022982446577
21.208333333333332,21.208333333333332,8.058762382518472
20.333333333333332,20.333333333333332,6.415745452363339
18.291666666666668,18.291666666666668,14.222765326915885
18.5,18.5,26.678038296281656
18.958333333333332,18.958333333333332,37.10755916852908
18.958333333333332,18.958333333333332,39.73177956795143
17.625,17.625,32.789407131492936
16.791666666666668,16.791666666666668,20.097709011555565
17.833333333333332,17.833333333333332,8.196232974026172
17.583333333333332,17.583333333333332,3.9165695448965834
17.958333333333332,17.958333333333332,9.486984489196118
19.041666666666668,19.041666666666668,21.753306004563665
22.125,22.125,34.36357721695658
23.208333333333332,23.208333333333332,42.50397590083782
19.625,19.625,42.713885315511725
15.75,15.75,32.70133631397759
16.208333333333332,16.208333333333332,15.524184698823182
18.208333333333332,18.208333333333332,0.6096733187090797
16.75,16.75,-3.514816536665098
16.916666666666668,16.916666666666668,5.448203844779841
18.291666666666668,18.291666666666668,23.1555432758985
17.833333333333332,17.833333333333332,40.559090893556004
15.5,15.5,47.160857157223774
18.425,18.425,38.663444221021194
17.875,17.875,21.54685585488751
18.333333333333332,18.333333333333332,5.268221873836942
16.916666666666668,16.916666666666668,-1.5574112246217011
17.125,17.125,3.814841913887543
16.875,16.875,17.60134640007819
15.208333333333334,15.208333333333334,32.946979405689326
15.708333333333334,15.708333333333334,41.215359951919744
18.833333333333332,18.833333333333332,38.38872219640822
18.083333333333332,18.083333333333332,26.788167313574807
19.833333333333332,19.833333333333332,12.774586479249217
14.375,14.375,3.1034396307212675
15.083333333333334,15.083333333333334,1.448744187120058
15.125,15.125,9.176228274708064
16.591666666666665,16.591666666666665,22.4505459949979
18.233333333333334,18.233333333333334,34.89957983095344
10.512500000000001,10.512500000000001,40.23860511030559
12.441666666666668,12.441666666666668,33.229485837130845
20.066666666666666,20.066666666666666,17.52422883947087
19.833333333333332,19.833333333333332,3.6874968864713673
15.083333333333334,15.083333333333334,-0.8441940414536684
12.208333333333334,12.208333333333334,4.901046516136096
11.3125,11.3125,16.270918369569337
11.508333333333335,11.508333333333335,26.95127626120649
12.125,12.125,31.71959413560477
15.5,15.5,28.79840855149718
17.083333333333332,17.083333333333332,21.334050732878918
14.166666666666666,14.166666666666666,13.968604149574036
12.625,12.625,8.919639670773359
11.983333333333334,11.983333333333334,8.187676941117582
14.137500000000001,14.137500000000001,11.624128884936427
13.708333333333334,13.708333333333334,18.466656939892065
12.708333333333334,12.708333333333334,24.906738739315248
13.416666666666666,13.416666666666666,26.495609068846576
15.875,15.875,23.46642416541189
16.666666666666668,16.666666666666668,17.592813807808813
14.916666666666666,14.916666666666666,12.591680287555725
12.416666666666666,12.416666666666666,9.715908701858938
12.3125,12.3125,10.263089993575905
12.958333333333334,12.958333333333334,14.134044474434994
12.25,12.25,19.276705801602336
11.291666666666666,11.291666666666666,22.778516421930487
10.666666666666666,10.666666666666666,21.78912830705273
10.458333333333334,10.458333333333334,16.426284383263607
11.166666666666666,11.166666666666666,9.630330723633781
12.5,12.5,5.005748267047981
12.125,12.125,5.119297248783018
13.041666666666666,13.041666666666666,10.060931148977678
12.791666666666666,12.791666666666666,17.419561210730954
11.541666666666666,11.541666666666666,23.0584424923756
12.5,12.5,24.30765791472578
13.958333333333334,13.958333333333334,20.364186584037586
12.958333333333334,12.958333333333334,13.609218538336101
12.75,12.75,7.3499037463396
9.041666666666666,9.041666666666666,4.834056376509909
11.458333333333334,11.458333333333334,6.827503734916476
14.333333333333334,14.333333333333334,13.281273779185154
13.666666666666666,13.666666666666666,22.06075254130607
13.291666666666666,13.291666666666666,28.217843640514303
14.75,14.75,27.77847644912748
12.258333333333333,12.258333333333333,21.742011153739327
5.483333333333333,5.483333333333333,11.817075522002982
6.870833333333334,6.870833333333334,0.5685718101397447
9.316666666666666,9.316666666666666,-6.447974881163713
10.041666666666666,10.041666666666666,-4.251976443242376
10.583333333333334,10.583333333333334,6.21208640515021
10.5625,10.5625,19.516633975135292
10.375,10.375,28.613210109082587
10.833333333333334,10.833333333333334,28.890501863277493
11.625,11.625,21.10614749887808
10.583333333333334,10.583333333333334,9.22009076000956
11.0,11.0,-0.1965004678404576
9.791666666666666,9.791666666666666,-2.9289420834352113
8.708333333333334,8.708333333333334,2.339526665262278
9.125,9.125,12.178564039183598
12.75,12.75,21.90754307451869
12.958333333333334,12.958333333333334,27.803854952956687
11.25,11.25,26.631799997973943
7.125,7.125,17.46463736878668
10.25,10.25,3.8852699335117493
9.75,9.75,-5.600793009323566
11.291666666666666,11.291666666666666,-5.537587804113815
8.75,8.75,4.647948449377883
4.9125,4.9125,18.32138629310267
5.3374999999999995,5.3374999999999995,26.436212799064467
5.125,5.125,24.448744250857242
4.791666666666667,4.791666666666667,13.35240499778989
6.125,6.125,-1.0578685461752564
9.875,9.875,-10.69225470623504
6.625,6.625,-8.779789170546142
3.75,3.75,1.7636119538643644
8.858333333333334,8.858333333333334,14.682327174698033
10.083333333333334,10.083333333333334,25.53633408993427
8.833333333333334,8.833333333333334,29.082920110134257
10.583333333333334,10.583333333333334,22.870924199217967
12.625,12.625,10.946604554137766
12.75,12.75,0.7189342242478792
10.083333333333334,10.083333333333334,-2.599858470469356
7.583333333333333,7.583333333333333,1.8216685807683335
7.791666666666667,7.791666666666667,10.076372699630676
6.666666666666667,6.666666666666667,17.741430842166086
3.9583333333333335,3.9583333333333335,20.007383847363624
2.75,2.75,14.909511691668838
1.9166666666666667,1.9166666666666667,4.33112332987779
4.583333333333333,4.583333333333333,-6.324062078017897
3.6666666666666665,3.6666666666666665,-10.857456805000275
2.8333333333333335,2.8333333333333335,-6.9699993137024245
3.5,3.5,3.1890707311153252
3.7916666666666665,3.7916666666666665,14.111485246483506
2.875,2.875,20.515450342995848
1.5416666666666667,1.5416666666666667,18.65743738087921
1.7916666666666667,1.7916666666666667,8.985691265393527
3.9583333333333335,3.9583333333333335,-3.33335976083254
2.8333333333333335,2.8333333333333335,-10.845876665621686
7.958333333333333,7.958333333333333,-9.948322392104505
8.208333333333334,8.208333333333334,0.7999641014466307
7.375,7.375,16.19245766727877
11.458333333333334,11.458333333333334,28.299232302112713
10.666666666666666,10.666666666666666,32.38082958664086
8.5,8.5,25.533157309542517
8.25,8.25,10.704721749575839
8.041666666666666,8.041666666666666,-4.979910102469218
