0.37083333333333335,14.903016906640689,15.178617970897262
9.241666666666665,14.78813864277835,16.1561053739643
10.329166666666667,14.75361918728437,17.12178576642594
6.779166666666665,14.710462619469887,17.332520119567725
8.554166666666665,14.65544686233653,16.938785531513044
10.262500000000001,14.62225466916916,16.409471191876904
7.795833333333332,14.572176134485305,15.845032437622285
8.245833333333334,14.50677631083625,15.58134502874244
4.916666666666667,14.421539754682065,15.48119593379611
3.6875,14.309937908917734,15.856535333465866
8.600000000000001,14.233980116831495,16.211283142306222
8.012500000000001,14.19079849477019,16.17341871389198
4.941666666666666,14.116380275945717,15.626157584156532
4.2125,14.012057714410245,14.912726526014652
6.2749999999999995,13.917129495433038,14.912651757392586
4.816666666666666,13.825251331435823,15.152794849395649
5.170833333333333,13.737910483397846,15.890243206732436
6.241666666666667,13.67276786886473,16.35436880586253
6.370833333333333,13.617971434889247,15.950803194765081
2.779166666666667,13.528795719865087,14.865954832485931
7.466666666666669,13.434381831216177,13.697431921772143
6.345833333333332,13.357736267176499,13.706296415772236
5.3625,13.270852438592229,14.370474590224918
3.2708333333333335,13.183014635104229,15.67211572595796
2.0541666666666667,13.092363167438199,16.655960186035617
4.058333333333333,13.020219879142225,16.788095596253054
2.291666666666667,12.947805049026202,16.24454189420501
5.258333333333332,12.874877739975005,15.57729758852971
11.541666666666666,12.855300893606033,14.678412562286555
12.829166666666667,12.86962995582283,13.808323443346241
11.65,12.873100307839453,13.256203842809697
4.05,12.812636607644938,13.207067731167028
4.795833333333333,12.7163540189151,14.141170714716104
2.8958333333333335,12.63003768512601,15.079945689838537
6.941666666666667,12.574308122351866,15.603763645141868
5.283333333333333,12.536120078751923,15.32092059371744
7.645833333333335,12.499830700198375,15.050815547838175
9.316666666666668,12.482272858086708,14.210845076632516
2.3833333333333333,12.410828500051133,13.049788765849707
8.466666666666667,12.327460049677903,12.146736938819862
8.408333333333333,12.278589579016156,12.17263593505888
6.8625,12.22247495640911,13.009510757473523
11.729166666666666,12.206730496684939,14.142589622730332
6.066666666666666,12.198244232551742,14.881610244281207
3.8375,12.148461505137776,15.423021259155092
4.2749999999999995,12.097853719494415,15.817008831033206
5.270833333333333,12.060353647944188,15.73969504306938
7.675000000000002,12.037186922386304,14.627480850307157
9.879166666666666,12.024014870074339,12.915510702226724
6.312499999999999,11.976757706129911,11.84847432201989
7.875,11.91333145728857,11.989879042053902
10.016666666666666,11.890882098848921,13.651229443726576
9.966666666666667,11.91111235927861,15.802818537232257
10.35,11.954817645515336,17.162113366340755
8.395833333333334,11.997736660004373,16.918449170668225
8.979166666666668,12.017736581633146,15.569046435515324
7.620833333333333,12.010334417358722,13.660745556342775
6.679166666666666,11.96258399888228,12.310469688399621
9.083333333333334,11.919834984989576,12.701564563842432
9.358333333333333,11.913339173237778,14.227240739738845
6.166666666666667,11.90836159380202,16.80539952975688
6.708333333333333,11.930419682782974,19.23393643138394
6.625,11.975243680136344,20.08339427350674
7.375,12.02199414212586,18.779762563293065
9.166666666666666,12.063320685537157,16.20995099611604
10.958333333333334,12.081882498941278,13.812312740269748
10.083333333333334,12.082301617350922,12.99701481862138
8.208333333333334,12.059559133664662,13.59066372998232
9.25,12.054793210676655,14.771672235683761
8.5,12.060606793343618,16.86421181199405
9.958333333333334,12.117476262410365,18.91942452349258
8.75,12.197842966220476,20.060615278514707
6.041666666666667,12.244005184787477,19.516012356677223
6.291666666666667,12.257276578204502,16.508556042331133
6.916666666666667,12.218254915138758,12.33337101472114
8.416666666666666,12.139307661313163,9.702040639480915
6.833333333333333,12.054119748893457,10.481603176687553
7.291666666666667,11.994464444191976,13.799920222067177
7.333333333333333,11.981653455560187,17.287913539010457
7.875,12.028883530241531,19.38439668575707
6.0,12.065172374018195,18.60732282947595
7.708333333333333,12.065835642003762,15.526563797133313
7.666666666666667,12.051902845971037,12.668364987102516
6.25,11.984550512973165,11.91159693268564
8.208333333333334,11.93361248876598,13.44296268384221
8.791666666666666,11.934939295670842,16.18319177690538
11.458333333333334,11.99624339621338,19.06327293256538
11.291666666666666,12.10182116087099,19.46161053271379
9.583333333333334,12.171087384321183,17.415759061640163
10.862499999999999,12.217815042120806,15.023565796421396
8.308333333333334,12.204189140891316,13.799740751603077
7.083333333333333,12.182078309729055,14.225451892860912
5.583333333333333,12.139921553857533,14.923847809570178
6.833333333333333,12.109429334415324,16.0525986982584
10.125,12.134303735098497,16.989369030515565
8.958333333333334,12.180911167102778,17.69880129400634
9.291666666666666,12.213153598674795,16.565366923448174
10.208333333333334,12.22773255511826,14.008489632994666
9.625,12.212279038046185,11.503266619343796
8.458333333333334,12.153930049922145,10.695737942160575
6.75,12.086470849956697,12.994509742718067
7.0,12.062414658537833,17.01485256889766
5.666666666666667,12.08936582720399,20.238234929685557
5.791666666666667,12.132675871832681,21.028093578626713
8.916666666666666,12.195288843146484,19.437148880591124
11.458333333333334,12.257984333303016,16.69645967432655
12.375,12.304882755178047,14.306411412346575
14.041666666666666,12.336920488867554,13.556892865950752
15.541666666666666,12.396732448309393,14.858088249736147
16.25,12.497345638129572,17.567167054644273
15.291666666666666,12.635550314152049,20.297252091055025
15.416666666666666,12.791174513140362,21.669332789474893
14.875,12.95658916099203,21.02877810016412
13.791666666666666,13.078997507401084,18.674580636780643
12.791666666666666,13.137248434592285,15.226749909905472
12.458333333333334,13.141143625742432,12.54948554902478
10.666666666666666,13.111075380025186,12.10403271039039
10.875,13.079340381875804,14.060254872008045
10.583333333333334,13.082255110744724,16.942063868369395
11.35,13.132062889028374,19.44658354273344
15.233333333333334,13.238866744098948,20.934059284725603
14.708333333333334,13.375162972645173,20.893654265332547
12.5,13.485030842007886,19.440027225624423
10.833333333333334,13.529630642714416,17.242576754218803
14.75,13.561841915137855,15.007055215270809
15.520833333333334,13.593249664733976,13.891829559531084
13.083333333333334,13.61645706824965,14.81106211079292
12.375,13.637353245954605,16.917909213829088
12.625,13.687252547542364,19.57672759931668
13.333333333333334,13.780704795523116,21.281055828063135
11.5,13.878511718140095,21.502108708859634
11.708333333333334,13.94890678355293,20.201093763746126
12.666666666666666,14.010587388513153,17.846192475217485
14.958333333333334,14.0405578578756,14.723316642921171
13.041666666666666,14.03965022925484,12.619196479868789
12.625,14.00060728802068,13.201396089180752
12.166666666666666,13.993103555567373,16.426341113819024
13.208333333333334,14.042526628384387,20.420363923849862
13.541666666666666,14.146609679193858,23.115536239074576
14.416666666666666,14.274823013322186,23.088543116464475
14.875,14.39378627040274,20.531734127031175
14.625,14.464643078455723,17.137073790979464
16.583333333333332,14.501424659052802,14.601990610561451
16.916666666666668,14.531758059319863,14.47573719155758
16.125,14.57169505418061,16.861662705716277
14.416666666666666,14.649065932845092,20.431752622337502
12.791666666666666,14.732404504967244,23.136901603500437
18.291666666666668,14.867698897543661,23.009697128833505
17.708333333333332,15.01714831673234,20.319317270333677
16.416666666666668,15.092736009030261,17.165012040850545
17.241666666666667,15.130784629881745,15.385800922255704
15.741666666666667,15.154266364202002,15.907518997015197
17.875,15.208824135369293,18.40861450724702
18.291666666666668,15.310769147118883,21.153912884604015
18.333333333333332,15.447899380606671,23.14738702597965
14.541666666666666,15.585955712513295,23.453284825742102
12.375,15.658983269593975,21.639290242440666
14.875,15.700319868228434,18.440029622563113
14.083333333333334,15.705715233418298,15.870136193813343
14.166666666666666,15.684863953929794,15.474111553061428
11.958333333333334,15.666723771545497,17.528857584982756
13.0,15.673949876247548,20.82031234201439
12.458333333333334,15.734584160762864,23.595150148158453
17.958333333333332,15.850921877679255,24.07713424952759
17.625,15.980502776163865,22.301790399656912
17.25,16.079389666958487,19.4792913219112
14.5,16.109809603847868,16.629680504926313
12.916666666666666,16.074303953872278,15.488718602424257
14.291666666666666,16.041732232966435,16.610769018886142
15.291666666666666,16.055002886218706,19.61779049283918
15.333333333333334,16.122108070191977,23.039304575948382
17.333333333333332,16.245568815748904,24.891489583553007
15.333333333333334,16.370197434262174,24.397734983842156
15.833333333333334,16.459542072182014,21.774865993449012
15.166666666666666,16.505810137895214,18.689246010216
17.958333333333332,16.51690139447062,16.744406239856506
21.625,16.561687664686275,16.524513423584818
25.291666666666668,16.665350963768788,18.63806427122581
19.166666666666668,16.805519575488965,21.98635061349191
16.833333333333332,16.90147300491738,24.379901645367244
16.333333333333332,17.01612225313378,25.1655153697189
17.7625,17.125203053950553,24.046828337423715
20.625,17.233794765068108,21.60334667005087
18.541666666666668,17.32759122281924,19.27087372336565
17.166666666666668,17.348398633807793,18.324660808828725
17.541666666666668,17.3665517793615,19.272927981701994
18.458333333333332,17.427006031852027,21.642212525550864
16.25,17.507268364326855,24.061101597995606
15.166666666666666,17.586947071425367,24.959103379975357
16.166666666666668,17.66299971685023,23.935951938001708
15.541666666666666,17.71596923560634,21.583209499808916
17.666666666666668,17.742435660602208,18.850665723061297
16.875,17.745189608461175,17.653534045918036
14.791666666666666,17.723294113213605,18.626101452028074
16.791666666666668,17.728288011445382,21.216612920291208
18.958333333333332,17.804673045909272,24.321408147276866
21.0,17.944816724401264,26.227216534501895
18.25,18.08941783918363,25.5759227063679
16.708333333333332,18.174082166340078,23.052544159488136
17.458333333333332,18.207667889355154,19.787640916094535
18.416666666666668,18.21216652621705,17.35313505715421
15.458333333333334,18.18293140787892,17.62678844242597
16.25,18.16120310233351,20.56901036798573
18.833333333333332,18.217779990642494,24.600120679823778
21.583333333333332,18.369460914746107,27.585123539923774
20.5,18.536102076145273,27.90138836190124
21.166666666666668,18.69175694490625,25.66448786576885
22.333333333333332,18.80428387365028,21.953624978573874
24.083333333333332,18.88716870457644,18.91702149456332
22.625,18.941900176591442,18.353067005681172
19.333333333333332,18.97515944075,20.47565002917228
20.874999999999996,19.031223449329215,23.781480851895996
17.583333333333332,19.12683857786968,27.026714187124213
19.75,19.24819129363294,28.626014331185036
19.875,19.39764319749311,27.711614756927947
18.208333333333332,19.49191871553496,24.438623421587938
18.416666666666668,19.521241633465714,20.418233534509945
19.5,19.512143114627783,18.228085981668855
19.541666666666668,19.494420910184175,19.0341472121462
19.666666666666668,19.513999087514186,22.495956429819756
21.208333333333332,19.59999341241055,26.716088243188267
20.333333333333332,19.747457307156285,29.618253544067855
18.291666666666668,19.886990975183053,29.373439680633727
18.5,19.98703894348368,26.47092002706299
18.958333333333332,20.039766287706858,22.408238830286276
18.958333333333332,20.04071452835829,18.796222306298546
17.625,19.984008623310327,17.413241645119246
16.791666666666668,19.92703296400072,19.78911473535294
17.833333333333332,19.925223913231317,24.650636769005004
17.583333333333332,20.00777366916908,29.563562902189435
17.958333333333332,20.139567019853022,31.90363292885375
19.041666666666668,20.27753332930252,30.195781376792226
22.125,20.392066858960558,24.89500772070954
23.208333333333332,20.444837979889208,19.454723666973653
19.625,20.437122685353145,17.02086279832508
15.75,20.35486630318853,18.38295254981719
16.208333333333332,20.296334133542324,22.412795937231618
18.208333333333332,20.328461179824647,26.994874361975103
16.75,20.40831784083296,29.749558370872474
16.916666666666668,20.499353234556207,29.932164562744557
18.291666666666668,20.59006812094438,27.692595143774046
17.833333333333332,20.63955476512567,24.004046181228173
15.5,20.61194167820789,19.84818362086399
18.425,20.52754644830424,17.50721311859796
17.875,20.468283440779395,19.246668054343797
18.333333333333332,20.455304156158807,24.300813891065115
16.916666666666668,20.521226850616603,29.944146614866753
17.125,20.63752892273398,32.83172506930901
16.875,20.757867746644184,30.69121116650477
15.208333333333334,20.80565479006142,25.39572145258722
15.708333333333334,20.76505033598494,19.904707091350122
18.833333333333332,20.69033956444887,16.97454873161588
18.083333333333332,20.614285205156236,17.81571303392385
19.833333333333332,20.584006358166935,22.055636571548607
14.375,20.59758076716472,26.649494573577552
15.083333333333334,20.625278529898946,29.797851776957213
15.125,20.700822904128604,30.38378169023254
16.591666666666665,20.767094516302254,28.013371913210904
18.233333333333334,20.805799828031493,24.019361705182984
10.512500000000001,20.74628428742952,20.90540345333091
12.441666666666668,20.632931742394184,20.193684344346398
20.066666666666666,20.58003217954133,21.354958863394945
19.833333333333332,20.59678399775021,23.252054931638682
15.083333333333334,20.611570740514487,24.851776586914056
12.208333333333334,20.592045226975333,25.921593472821115
11.3125,20.55718318103003,25.81710894536135
11.508333333333335,20.50909427665263,24.92014365216085
12.125,20.45548389410182,24.063721543471136
15.5,20.421140706632418,23.820223168390154
17.083333333333332,20.42776366867839,24.350145889669324
14.166666666666666,20.441480682090205,25.276506446585824
12.625,20.418620650880275,25.790485966548577
11.983333333333334,20.399649280680535,25.834774339855233
14.137500000000001,20.3815380739016,24.823721775977884
13.708333333333334,20.358712580411883,23.712198741714843
12.708333333333334,20.313266554421173,22.959760843531413
13.416666666666666,20.254212109830117,22.324559359999043
15.875,20.219477310191724,22.685389676630805
16.666666666666668,20.212086956711435,22.89781838743646
14.916666666666666,20.199085706603658,23.155241821167994
12.416666666666666,20.152706416162587,22.96007193515777
12.3125,20.096307130765158,23.223147174341637
12.958333333333334,20.055186168197796,23.985546609448743
12.25,20.02881058626667,24.534894244214993
11.291666666666666,19.989743562513627,24.78526140004075
10.666666666666666,19.94285947392688,24.10662760907969
10.458333333333334,19.873883513283456,22.75158596303598
11.166666666666666,19.795861777852732,21.478189166823253
12.5,19.715483171819777,20.498886072526506
12.125,19.62928253390336,19.96118770199223
13.041666666666666,19.54673133110793,20.263521231495954
12.791666666666666,19.48015801593333,21.102469858772388
11.541666666666666,19.413399332260884,21.99941278555327
12.5,19.366372563381002,23.097699476260747
13.958333333333334,19.351584756883888,23.071769490194843
12.958333333333334,19.319626782546163,21.786724597938825
12.75,19.264923524724377,19.961058466545985
9.041666666666666,19.157914173517863,18.97716235520218
11.458333333333334,19.04467472696597,20.053306537978433
14.333333333333334,19.00396160362719,22.512927918808813
13.666666666666666,19.01647850844596,24.994496868151668
13.291666666666666,19.0377960119748,26.135301212304615
14.75,19.074931946124106,24.61683229925228
12.258333333333333,19.06676255301283,21.70975135107287
5.483333333333333,18.950635088901198,19.10659355577904
6.870833333333334,18.78127039572956,17.916458818982875
9.316666666666666,18.63596858965887,17.914959502235394
10.041666666666666,18.523257830579173,19.175095327703083
10.583333333333334,18.440955674939676,20.721480319068878
10.5625,18.381788025060423,21.604156080968846
10.375,18.32813926944144,21.28822496650239
10.833333333333334,18.266556381834533,20.164887283588353
11.625,18.198033872109455,19.550262862377846
10.583333333333334,18.12741905116446,19.330456717238945
11.0,18.061178011516763,20.023998361182453
9.791666666666666,17.996796358420273,20.50085305704573
8.708333333333334,17.921948213576538,20.99535275538992
9.125,17.85313098505203,21.036179321877864
12.75,17.814919762466946,20.49808043230228
12.958333333333334,17.785237635921835,19.728910245078655
11.25,17.7435557729841,18.740640376283007
7.125,17.627136918841806,17.774013890694764
10.25,17.522965799045007,17.247134265162014
9.75,17.42040757653734,17.825305751536636
11.291666666666666,17.354879941760263,19.480263191830357
8.75,17.31432109574973,21.323255313151105
4.9125,17.243399725693585,22.50036355807576
5.3374999999999995,17.163293596334785,22.264716842140654
5.125,17.079323476610003,20.412426145637806
4.791666666666667,16.9547294540252,17.896135932469637
6.125,16.803434730306982,16.143987504208265
9.875,16.68553455784783,15.412813399201939
6.625,16.57149461603309,16.320327681495247
3.75,16.42773352662072,17.886762602010165
8.858333333333334,16.33574198656027,19.32216976687822
10.083333333333334,16.301527258152046,20.430193974804638
8.833333333333334,16.275613992374975,20.416047366135963
10.583333333333334,16.23674987134807,19.089200517531708
12.625,16.217364106556946,16.887155766812956
12.75,16.161721347135373,15.223407470376664
10.083333333333334,16.096851459328757,14.715969301117065
7.583333333333333,15.978002690985868,16.088133966216077
7.791666666666667,15.897279148634254,18.08417326973934
6.666666666666667,15.830946040673991,19.462835049544438
3.9583333333333335,15.748410813947096,19.614180386718708
2.75,15.642431691499612,18.84079397391552
1.9166666666666667,15.508060051708098,17.382815715745217
4.583333333333333,15.374117755091527,15.733429621475963
3.6666666666666665,15.231346707439783,14.34182678653484
2.8333333333333335,15.062933096686983,14.101403323122303
3.5,14.903983509633479,15.408888191561124
3.7916666666666665,14.782435514612482,17.08622396704374
2.875,14.686126380840177,18.482263970980384
1.5416666666666667,14.579044544910813,19.10783223873185
1.7916666666666667,14.489458716702105,18.4030059256173
3.9583333333333335,14.372975938458394,16.712955502521623
2.8333333333333335,14.270784037105022,14.953808927069986
7.958333333333333,14.150821864151908,13.333463600019586
8.208333333333334,14.06746833338466,12.75415224418124
7.375,13.96630905239367,13.679395683800768
11.458333333333334,13.922006685631922,15.820322181713761
10.666666666666666,13.934236779830934,18.121539908410572
8.5,13.946171842935222,18.84475044162962
8.25,13.940271655660931,17.919251631723778
8.041666666666666,13.905784297069495,15.381926053575784
