0.37083333333333335,6.361880894280549,12.218679605174081
9.241666666666665,14.16920660627723,21.222189589139564
10.329166666666667,17.246443553201615,26.370619112673396
6.779166666666665,18.20659303241362,31.268393899097333
8.554166666666665,22.9881456024882,39.910770008500094
10.262500000000001,27.25515285248264,48.31673378490219
7.795833333333332,29.731852085251166,55.64561743573454
8.245833333333334,31.431761057701816,61.00873407594773
4.916666666666667,33.03511020169069,66.62647208120941
3.6875,34.16975997879201,72.3977542306252
8.600000000000001,37.5417047991679,75.37470186561796
8.012500000000001,38.23108376125047,76.89683836448737
4.941666666666666,36.83941288403002,77.41520304578766
4.2125,39.7240893660806,82.78755148147019
6.2749999999999995,41.728477572594024,87.51215161848899
4.816666666666666,44.14218361521199,92.15199231700035
5.170833333333333,46.00141115481244,97.66739316545414
6.241666666666667,46.3952591192278,98.46906192855965
6.370833333333333,46.34351167902597,97.7586631316273
2.779166666666667,44.035451780664964,96.78286646869158
7.466666666666669,49.324797889023465,101.20528439868762
6.345833333333332,50.22231917409855,106.16418781342405
5.3625,52.08464150458291,109.78860514702076
3.2708333333333335,52.60994096842786,114.57199792558232
2.0541666666666667,53.014182060656886,117.14368929929118
4.058333333333333,56.0192328623745,121.28440561974685
2.291666666666667,59.397639208892656,129.16187249475362
5.258333333333332,62.89880068806124,135.95410028190338
11.541666666666666,66.7121785401929,137.87835973374123
12.829166666666667,68.2070871499843,139.0159446025323
11.65,66.68388682843464,137.23168667546878
4.05,64.45071493474715,138.67469931385338
4.795833333333333,63.896301804188795,140.06625768769158
2.8958333333333335,63.01858419480697,138.95470526050244
6.941666666666667,63.74955383320226,137.87751767121935
5.283333333333333,66.36693500905284,141.26098616714958
7.645833333333335,67.44533233171634,144.6737513879229
9.316666666666668,67.03282038219454,141.72425146354257
2.3833333333333333,62.37030743472426,138.39282596452804
8.466666666666667,64.26169818990695,136.59877618007303
8.408333333333333,64.54154857667889,136.3404102433327
6.8625,63.31649241443799,135.2228150601222
11.729166666666666,64.12557390967915,132.8972639439569
6.066666666666666,63.09461246708332,133.43089363252355
3.8375,64.91911290935737,140.05442686474447
4.2749999999999995,68.16992229102092,147.52298710673767
5.270833333333333,69.08987797878318,150.6073359202723
7.675000000000002,69.14740393053505,148.52044318092018
9.879166666666666,71.09437594016609,148.61584439083873
6.312499999999999,70.31033399773703,150.7427241881374
7.875,73.45177673811446,155.08486097630774
10.016666666666666,76.89176538532149,160.905835889899
9.966666666666667,78.3884977370828,164.4613787576
10.35,78.96978698029906,166.16264968699798
8.395833333333334,80.19611121477551,169.25704234567607
8.979166666666668,81.58768788419955,173.1459682225642
7.620833333333333,81.96342137609189,175.42057710505344
6.679166666666666,85.36423709682066,182.1147181188281
9.083333333333334,87.94818893042161,187.9664420046466
9.358333333333333,92.77135781737759,194.8586127561325
6.166666666666667,96.73514719977072,207.59123958192924
6.708333333333333,101.41120826939925,218.59244295024072
6.625,104.6301636886687,226.95548819855105
7.375,108.86217012308015,234.90363896720956
9.166666666666666,113.6970414153937,243.52971606522075
10.958333333333334,119.21771847319634,253.40191402519238
10.083333333333334,121.1367789244084,260.4445206325588
8.208333333333334,118.27008226890102,258.8316930136568
9.25,121.45440850609822,260.4956728158879
8.5,124.46070358794178,269.15720027206805
9.958333333333334,129.81205451239077,278.4023975451282
8.75,133.55628656692735,288.0265178710709
6.041666666666667,130.5284837073127,289.1235900285293
6.291666666666667,126.81027038569846,281.3290349325876
6.916666666666667,125.25168052851059,275.4776760812288
8.416666666666666,127.73850690553418,277.484844235815
6.833333333333333,127.58404206357046,279.63604701553845
7.291666666666667,124.7231381229207,275.2431402556377
7.333333333333333,122.77718845104745,269.4655902207686
7.875,120.738572996939,265.0522753664498
6.0,116.12377886895437,256.9581041471474
7.708333333333333,117.98330962763369,256.67758718938006
7.666666666666667,122.03792743209654,263.52492509317705
6.25,124.13272294975991,271.173854079143
8.208333333333334,125.70101886334272,274.1673793629488
8.791666666666666,129.88163601335717,279.97844988071097
11.458333333333334,129.40809583049986,280.82632028752164
11.291666666666666,127.03152831980077,274.0833393166796
9.583333333333334,128.58292842732845,276.6045577817869
10.862499999999999,133.5329718372304,285.31900264595384
8.308333333333334,136.05194119536733,294.7600082625854
7.083333333333333,133.29583248166026,294.3624702608513
5.583333333333333,131.9292120592364,290.6525768619489
6.833333333333333,132.05862005938334,290.97340294039986
10.125,136.92274772701663,294.7604545376796
8.958333333333334,133.6856412969179,293.69323745876596
9.291666666666666,128.91203654887082,282.9149083827688
10.208333333333334,125.54470262970925,273.67627122777225
9.625,122.61484980788315,266.55985378733305
8.458333333333334,124.62009110238193,268.4905869298508
6.75,126.11900565605784,275.1826543301475
7.0,126.84979428118164,278.0058962146141
5.666666666666667,126.28347343804313,277.7759201866457
5.791666666666667,128.00525500610595,280.85134813054515
8.916666666666666,133.5909284968451,288.7654218472927
11.458333333333334,138.97632571030945,297.8619944277746
12.375,143.40476884107736,306.36018881347746
14.041666666666666,147.51944609731154,314.23235099746654
15.541666666666666,151.8227911665431,321.7570600750812
16.25,155.32397424266,328.8658831160564
15.291666666666666,157.80176316948777,335.4299337298051
15.416666666666666,160.26046106338745,341.4217488594342
14.875,162.61053890193924,346.9151891996835
13.791666666666666,161.12419195713187,347.39051967494106
12.791666666666666,158.46236401940882,342.79951224666183
12.458333333333334,157.43657460266658,340.5924530909006
10.666666666666666,155.17278365103667,337.55390323766824
10.875,152.3144757124621,332.7700215994198
10.583333333333334,149.31629508156604,325.5150691153536
11.35,150.3064938429134,324.6565400435028
15.233333333333334,154.47230692722542,329.24208772914614
14.708333333333334,156.83736116696696,334.4250324666413
12.5,157.62191804377707,338.6945533812383
10.833333333333334,155.9217788458988,339.27736936299925
14.75,156.11176298855966,335.4940912124954
15.520833333333334,157.31596421783954,335.5077830380996
13.083333333333334,154.78161298160754,333.9273240651149
12.375,154.7751531745331,333.1452690955853
12.625,154.97442955345625,334.5324006507895
13.333333333333334,156.88357878052526,336.4240726432152
11.5,157.87532218032257,340.67432935660935
11.708333333333334,159.00033693667186,344.0273804868753
12.666666666666666,155.84575507605,339.31425178016326
14.958333333333334,152.86494063956437,329.25503930825266
13.041666666666666,151.1699842476086,324.76285686933704
12.625,151.41485601034674,325.7091166635401
12.166666666666666,151.3982845648114,326.7049169940463
13.208333333333334,151.94054092460183,326.50599000846995
13.541666666666666,152.02617605272596,326.5655887858314
14.416666666666666,152.40186575361952,326.2806884842459
14.875,154.4302855866558,329.0020088693762
14.625,155.2763113152657,332.0173344535929
16.583333333333332,157.73919293949015,334.5945603845215
16.916666666666668,159.9169217766043,338.8209873097117
16.125,160.80894810196148,342.21132856022723
14.416666666666666,160.9050888838323,344.15704458265947
12.791666666666666,157.3347462365766,341.343824971178
18.291666666666668,157.71070259381418,335.3037324111876
17.708333333333332,158.83992252556746,334.8719406159587
16.416666666666668,159.5429025680698,338.74237275659215
17.241666666666667,161.33923513463256,342.15216339754306
15.741666666666667,162.1285374592978,345.3775438411796
17.875,162.13873437712974,344.87554879546525
18.291666666666668,162.79286893315034,344.1653375685882
18.333333333333332,164.12812927710385,346.9822109659745
14.541666666666666,162.55714236276654,348.0366448409732
12.375,158.79530880831382,344.35061595433234
14.875,159.3379811828774,341.5058560689281
14.083333333333334,159.44371269389367,341.9870581743973
14.166666666666666,160.3670141533007,343.74559539688283
11.958333333333334,159.65895136877998,344.8835946376376
13.0,160.17707706553264,345.4455272335626
12.458333333333334,158.75672681942967,343.91965485046984
17.958333333333332,160.64519274396437,341.1706167347297
17.625,161.87834953269385,342.7962499310402
17.25,160.54798092229743,341.8291757263796
14.5,158.1155078043694,338.35216468024925
12.916666666666666,156.20127690530452,337.116762152406
14.291666666666666,156.71772713269587,336.0234188075006
15.291666666666666,158.37731667663988,337.93433068512417
15.333333333333334,158.35437587874694,338.6402127583095
17.333333333333332,159.97023998982073,338.9999680532813
15.333333333333334,158.89472618381942,339.5083710581781
15.833333333333334,159.89881004084702,340.55906210550114
15.166666666666666,160.92218987280583,343.32935425174105
17.958333333333332,160.34470796233865,341.888577028528
21.625,162.9969765453918,340.8361957838883
25.291666666666668,166.53719443775094,344.01742094402675
19.166666666666668,162.26825309779107,342.2617757718881
16.833333333333332,160.68200154357262,341.1692250314915
16.333333333333332,162.0418478945237,344.37231478649034
17.7625,163.3138390156148,346.489263067237
20.625,165.9164518583284,348.77836907875616
18.541666666666668,166.73098182106347,351.5412698625992
17.166666666666668,166.46342494460572,353.7427998673399
17.541666666666668,167.5344371880412,355.966740971172
18.458333333333332,168.8953180583489,357.6396539570826
16.25,166.6248210898803,356.3232898110222
15.166666666666666,164.60873458939992,353.15018628451406
16.166666666666668,164.22125346453993,351.1179765938826
15.541666666666666,161.4036633047988,346.9521238776226
17.666666666666668,162.00263048323595,343.61442791818376
16.875,161.82573275504402,343.9858217883089
14.791666666666666,160.0923172291136,343.14623009760356
16.791666666666668,161.64360528935373,343.7810129458582
18.958333333333332,164.03586415353632,346.4228956158556
21.0,163.41342282516595,344.3543721058297
18.25,162.2265739201031,342.6788763138402
16.708333333333332,160.29926800804407,341.5081902824556
17.458333333333332,157.94855584886204,336.59922493651965
18.416666666666668,158.83099635206187,334.90886943793595
15.458333333333334,158.7652819672838,337.9048300101555
16.25,159.829249799701,340.4042748393934
18.833333333333332,162.47061502835552,343.021987693015
21.583333333333332,164.40481792104939,344.01719788760306
20.5,164.96225532526924,346.0790818296994
21.166666666666668,165.8936162831533,347.97158986228305
22.333333333333332,166.88256617411201,348.84305983755416
24.083333333333332,169.4637749000156,351.76761786463436
22.625,170.38516512471406,355.13939639142876
19.333333333333332,167.32873154724743,354.17983567739867
20.874999999999996,168.55970145371614,353.9197338838858
17.583333333333332,168.59966545662894,357.4061543633864
19.75,170.67074447731736,360.4235417661141
19.875,170.71487731529453,360.70032941934204
18.208333333333332,167.70624387158853,356.9850206096399
18.416666666666668,167.72321235127876,355.27394645435544
19.5,168.7177284542068,356.6006664367874
19.541666666666668,169.61964917546695,358.1262008410003
19.666666666666668,170.08166548086692,359.4358878333783
21.208333333333332,172.04545615879422,361.3934355200622
20.333333333333332,171.13262898695223,361.3958314475185
18.291666666666668,170.1787814153574,360.668130413601
18.5,170.82468781458002,362.3442052108128
18.958333333333332,168.91737050712229,359.4505838229166
18.958333333333332,165.46413890257796,352.01117800153344
17.625,164.8282163654087,349.4611075603712
16.791666666666668,165.66766735318217,352.5484589963856
17.833333333333332,167.38523015858846,355.05642284711297
17.583333333333332,168.9694172671591,358.5868879023497
17.958333333333332,169.47985357904247,360.0125967187051
19.041666666666668,166.93570208197423,355.92613269770806
22.125,168.11119338780205,352.15475269637204
23.208333333333332,170.47774250273494,355.2085137863689
19.625,168.85575903896304,356.1748675604111
15.75,163.50089224835733,351.15639062460195
16.208333333333332,161.1311801209064,345.2830518861169
18.208333333333332,159.74473892512373,339.5717366234815
16.75,159.60434945862568,338.54319368080564
16.916666666666668,161.5850460026996,342.83000261563416
18.291666666666668,164.17105672882553,347.15833518006747
17.833333333333332,160.66056499429797,343.2720799220595
15.5,155.117430005171,333.1488170981208
18.425,157.2412274142878,331.6105212019798
17.875,160.24781355498328,337.80251067629325
18.333333333333332,162.83758462495027,343.5969682981237
16.916666666666668,163.5858243235511,347.43400897182454
17.125,159.7758833750464,342.73312119191763
16.875,159.1983917294379,338.11440195627694
15.208333333333334,158.6509489357057,339.03565851604026
15.708333333333334,159.23849431354975,340.2443787617115
18.833333333333332,159.26375936216118,337.81327030292965
18.083333333333332,158.73110129185997,335.7731257966248
19.833333333333332,155.29383930384589,329.72393973522156
14.375,150.20608128378194,321.3919021049018
15.083333333333334,151.33400900614404,322.6802449289754
15.125,152.4251655242708,325.01287082848563
16.591666666666665,153.4680364952178,326.04996563469655
18.233333333333334,156.78394173613785,329.95448402721587
10.512500000000001,155.5448677063132,335.8182919792909
12.441666666666668,154.67581699488628,335.60657102486226
20.066666666666666,154.16380371791897,327.2936170157572
19.833333333333332,149.7881690661182,316.902258598174
15.083333333333334,146.29899629061242,311.0582250742575
12.208333333333334,143.02655525830951,308.64731513984094
11.3125,141.90186997774836,306.53354836094053
11.508333333333335,143.63816276073914,309.2818525165865
12.125,146.5228484404769,314.7328431239622
15.5,150.77255528079624,320.59724179596947
17.083333333333332,154.5236920940297,326.5225275345389
14.166666666666666,153.60179645005147,328.5674858595704
12.625,153.94813418363816,331.0962307917151
11.983333333333334,152.51963077531136,330.87288424407615
14.137500000000001,153.7706536027981,329.5937495419594
13.708333333333334,154.86153974629784,332.17454850932194
12.708333333333334,151.04419301415209,327.9806314225056
13.416666666666666,151.99992846146804,326.0342679087419
15.875,149.40857762527563,321.53914992753556
16.666666666666668,147.52550187193074,313.5587793193311
14.916666666666666,142.43849014806517,306.29003774465144
12.416666666666666,140.35664090871035,301.3077645357807
12.3125,141.6068872191695,303.9578491692743
12.958333333333334,141.5830179225179,304.6380933628706
12.25,142.5532865360258,305.59170123938424
11.291666666666666,140.37330083443968,304.5561321885253
10.666666666666666,138.3340595741992,300.6755823184081
10.458333333333334,136.9019720492591,297.149486735392
11.166666666666666,134.61164347037007,292.5386338138591
12.5,130.6963616134055,283.21538454000466
12.125,127.0361029584174,274.2216349490399
13.041666666666666,123.97044035942895,266.54725101757833
12.791666666666666,119.82568465465266,257.66118807423726
11.541666666666666,119.0697470005055,254.38292093093074
12.5,116.60280491811984,251.09539039926634
13.958333333333334,113.69794748860151,242.08883972984412
12.958333333333334,109.34973542617182,233.64255706447645
12.75,107.44765652936024,228.01565452514896
9.041666666666666,107.67542184185847,230.15059184352904
11.458333333333334,110.6370000558244,235.75014549695206
14.333333333333334,114.24437648474498,240.0617885025338
13.666666666666666,116.412833348758,244.54065352759142
13.291666666666666,113.97770274792778,243.4596404128563
14.75,114.54433826402486,240.55257567361608
12.258333333333333,114.39621392995315,242.38082522715683
5.483333333333333,111.36534495683497,244.14639337354131
6.870833333333334,107.81140239984715,238.9199389842455
9.316666666666666,106.38060662480274,231.08365085390128
10.041666666666666,103.34090857048899,223.973533612811
10.583333333333334,99.69524810229551,215.12060393379295
10.5625,95.80569591306948,206.36946121447093
10.375,92.41558878224919,198.4313631116171
10.833333333333334,94.12138920268352,198.2886129750648
11.625,93.4958408993428,198.81514747845551
10.583333333333334,95.12041057098428,200.48983208640325
11.0,93.29312987517562,199.44392512983566
9.791666666666666,92.8366199598605,197.2329609729826
8.708333333333334,92.0782939166342,198.21002313289293
9.125,91.36149051779479,196.49528155741078
12.75,93.55973472320636,196.17310262871874
12.958333333333334,92.19678295748808,194.0881154855335
11.25,88.9175660700519,188.49008791488598
7.125,82.69976544325988,181.0921541199374
10.25,83.31579028744089,176.5315242117849
9.75,83.61602435913665,177.16401098069457
11.291666666666666,85.45811546678772,179.27674535315103
8.75,86.01410288527414,182.2006422398772
4.9125,84.93878907226062,185.40219784434848
5.3374999999999995,84.54110375644036,185.74382467938105
5.125,83.94494387888507,184.2066273279033
4.791666666666667,84.60136561618309,185.21453453001777
6.125,82.52588984107815,182.4060501741736
9.875,84.27090017499343,179.056846103284
6.625,80.43816534774777,175.2967931866954
3.75,75.58873671737727,168.5678368733708
8.858333333333334,78.92379550713714,167.73675414157321
10.083333333333334,80.03824679246564,169.20937855071074
8.833333333333334,79.1106268874773,168.74702152258018
10.583333333333334,77.47257825696866,164.95140253929148
12.625,78.76301888081996,162.47591014272408
12.75,76.47438030019772,159.76855769334819
10.083333333333334,76.75068328120504,159.3303755733722
7.583333333333333,73.48822355398582,158.94237609045004
7.791666666666667,71.95923583172508,154.49671460525548
6.666666666666667,69.45543533790955,150.14450467107142
3.9583333333333335,68.63752417236942,150.00921445758593
2.75,68.41083751881577,151.66513236349235
1.9166666666666667,67.39140616722231,151.1117940238599
4.583333333333333,66.3954433806828,147.21861886387254
3.6666666666666665,64.42402747748959,142.42126386859366
2.8333333333333335,64.76986035047163,142.74521118100532
3.5,63.61558759935729,141.81227596010297
3.7916666666666665,63.627406196179265,139.8806722891799
2.875,64.91132841780785,142.29966384745535
1.5416666666666667,64.68674011223898,145.20603059303747
1.7916666666666667,65.61228239167599,145.9871827234681
3.9583333333333335,67.60324914167286,148.89226505995998
2.8333333333333335,66.1324433308864,147.57893382327174
7.958333333333333,66.28388713072792,142.7161743759658
8.208333333333334,66.55526476281071,140.7714888140241
7.375,66.18392622675255,141.21907550846836
11.458333333333334,70.21481353014767,144.53788608927297
10.666666666666666,68.93228282514052,144.21275433631862
8.5,68.18875685421135,143.28852305265264
8.25,66.28658352292048,141.69038985930794
8.041666666666666,64.28282037064632,137.2224655876713
