0.37083333333333335,14.77088519300131,15.010530477936053
9.241666666666665,14.492541863123705,15.072874392670158
10.329166666666667,14.379186566930201,15.161047355484998
6.779166666666665,14.23223973588921,15.25460494034017
8.554166666666665,14.071953211108053,15.363888840366911
10.262500000000001,13.989240993230561,15.498713714701218
7.795833333333332,13.893314056652313,15.641281640129238
8.245833333333334,13.78355963083269,15.788189146942939
4.916666666666667,13.641070884944595,15.915282460191124
3.6875,13.440296303829825,16.033401004461716
8.600000000000001,13.318876030850966,16.116994182321424
8.012500000000001,13.27210415545376,16.150384006407975
4.941666666666666,13.16208401223834,16.123550469884368
4.2125,13.006000905340256,16.039391361504897
6.2749999999999995,12.884604258035944,15.931589365484333
4.816666666666666,12.763374680452072,15.772011534929755
5.170833333333333,12.632395337753529,15.589988124515363
6.241666666666667,12.526972443229086,15.365812157078503
6.370833333333333,12.437696944821676,15.083461097603086
2.779166666666667,12.284963785407156,14.749434793589161
7.466666666666669,12.153631489057368,14.373825000486342
6.345833333333332,12.074074315010513,14.00920591248813
5.3625,11.946950365371782,13.633585855025778
3.2708333333333335,11.774110199858725,13.27979843729282
2.0541666666666667,11.547968733297958,12.939473784655723
4.058333333333333,11.34326717863979,12.618776636576351
2.291666666666667,11.143681265661456,12.33945364189323
5.258333333333332,10.963787090761597,12.1235411851416
11.541666666666666,10.934791055419566,11.945434369808702
12.829166666666667,11.0104957037386,11.797075725964483
11.65,11.076325445621507,11.674271325648157
4.05,10.996177988883195,11.575779272800148
4.795833333333333,10.816998152779393,11.533618835555238
2.8958333333333335,10.631678564387107,11.515410445274767
6.941666666666667,10.498518620519615,11.52412678176126
5.283333333333333,10.407835238394966,11.5491376534529
7.645833333333335,10.336498622495125,11.631235943394836
9.316666666666668,10.331265003439139,11.720047385724177
2.3833333333333333,10.235816017475234,11.800737444563675
8.466666666666667,10.154009051028657,11.867794507438452
8.408333333333333,10.170503826274642,11.931639712242669
6.8625,10.153003909213075,11.985282199413582
11.729166666666666,10.194912882166019,12.024036420713122
6.066666666666666,10.218091050530019,12.042399796596087
3.8375,10.123311077753884,12.078080674606015
4.2749999999999995,10.015269355317383,12.149922986758527
5.270833333333333,9.937348347157737,12.246669754361484
7.675000000000002,9.917191094690315,12.32547076533873
9.879166666666666,9.971757501590508,12.374225765453716
6.312499999999999,9.992762008138271,12.41499974906658
7.875,9.99086374942911,12.448151805192277
10.016666666666666,10.052103934217689,12.499646470344386
9.966666666666667,10.142897793947917,12.56077254771248
10.35,10.224303851996437,12.622694378833232
8.395833333333334,10.283268965819618,12.678628747044835
8.979166666666668,10.317361714341668,12.751070195742244
7.620833333333333,10.344923039688902,12.82722944813405
6.679166666666666,10.337164006236089,12.912233704107827
9.083333333333334,10.359745132499127,13.034900558553467
9.358333333333333,10.434780436707902,13.1672518131556
6.166666666666667,10.444060210438959,13.353913089232202
6.708333333333333,10.435595919492139,13.599461942559964
6.625,10.432513606199977,13.885819307743573
7.375,10.453639335519957,14.194203934391558
9.166666666666666,10.541532701570686,14.526493775917723
10.958333333333334,10.672014079828015,14.877918348741838
10.083333333333334,10.821086531577668,15.249750186845063
8.208333333333334,10.920979888076728,15.596148965028902
9.25,11.036433370503994,15.87730952951194
8.5,11.123502453556952,16.148680981833408
9.958333333333334,11.262069515826546,16.413764464885002
8.75,11.403114183829059,16.679955992137124
6.041666666666667,11.455247902514307,16.930125458590513
6.291666666666667,11.495346312053933,17.088682103721272
6.916666666666667,11.539881222391239,17.132648788779424
8.416666666666666,11.607656069854755,17.09508618833576
6.833333333333333,11.683452272889257,17.012185956408075
7.291666666666667,11.733531674196955,16.86254818425689
7.333333333333333,11.760613561999046,16.615542586006605
7.875,11.818413218051695,16.299457859709772
6.0,11.812042385093612,15.90078687191095
7.708333333333333,11.779231188120287,15.441201552634839
7.666666666666667,11.804354081737062,14.991777350435791
6.25,11.752500661824135,14.591181012766432
8.208333333333334,11.712427857009457,14.239539452567463
8.791666666666666,11.709993116923927,13.931286507360111
11.458333333333334,11.739848520275059,13.701443066611178
11.291666666666666,11.807004279736217,13.486235712773714
9.583333333333334,11.814921506428073,13.307164077621117
10.862499999999999,11.848815601170651,13.232820983920597
8.308333333333334,11.80574857616291,13.280237688316108
7.083333333333333,11.760214270290618,13.437096785457555
5.583333333333333,11.65495253451675,13.623475059179249
6.833333333333333,11.557691727116108,13.865736558837177
10.125,11.567918184582835,14.151673925979486
8.958333333333334,11.609572257330086,14.501571003614501
9.291666666666666,11.633092324449755,14.824340922902957
10.208333333333334,11.689582164766735,15.098347039239933
9.625,11.770157401371648,15.323664017915094
8.458333333333334,11.812702724354574,15.515623807199395
6.75,11.811330880570454,15.733901031971328
7.0,11.804939692696456,15.96259026705414
5.666666666666667,11.796213863121485,16.170078040528143
5.791666666666667,11.764316253835231,16.352952531057575
8.916666666666666,11.802563602245842,16.53277738629158
11.458333333333334,11.923935568483692,16.72752623491253
12.375,12.10091510392868,16.935691702264595
14.041666666666666,12.297987050295085,17.156076435362596
15.541666666666666,12.548878898339686,17.387641771117455
16.25,12.82210892574038,17.63179328986916
15.291666666666666,13.085946295868974,17.889048324234626
15.416666666666666,13.319380659640418,18.159201716354165
14.875,13.566124769553694,18.440580782074893
13.791666666666666,13.766724333593169,18.724152606516572
12.791666666666666,13.920341962646141,18.963156532215397
12.458333333333334,14.056200346069476,19.155602838065814
10.666666666666666,14.165094600958563,19.30214496276737
10.875,14.240375657190624,19.398447301525007
10.583333333333334,14.307270894072724,19.41658544238555
11.35,14.387112435006884,19.372328299410345
15.233333333333334,14.528241840444936,19.31169934740624
14.708333333333334,14.7079736191572,19.255083540053366
12.5,14.846569467463729,19.211560353669892
10.833333333333334,14.892002583293923,19.17702151947654
14.75,14.983554208472706,19.123709151176623
15.520833333333334,15.127298414322901,19.053583057091576
13.083333333333334,15.246392476057473,18.993339247345492
12.375,15.300516096277486,18.924452532604302
12.625,15.336434122612696,18.881228610329945
13.333333333333334,15.397647930795818,18.8579274822868
11.5,15.437018742019196,18.87813888716026
11.708333333333334,15.435466259351962,18.944075453067942
12.666666666666666,15.481501319866846,19.03787224403781
14.958333333333334,15.55078801551553,19.094425886607805
13.041666666666666,15.63962145106912,19.12183049425171
12.625,15.664485273951477,19.15691316012813
12.166666666666666,15.695763374832111,19.2174750591405
13.208333333333334,15.734531737152125,19.292045007616135
13.541666666666666,15.78723885142515,19.38093768024486
14.416666666666666,15.854664053194265,19.479763942390743
14.875,15.952301212917924,19.594553728368535
14.625,16.046495476795652,19.742327451770723
16.583333333333332,16.16892575606735,19.91238131676018
16.916666666666668,16.32532600293484,20.115142428728124
16.125,16.465473963193176,20.35010070367434
14.416666666666666,16.591644583759102,20.608748118137274
12.791666666666666,16.62650605089711,20.874136766464083
18.291666666666668,16.74743799516689,21.1021787601472
17.708333333333332,16.958040975257223,21.297790993009095
16.416666666666668,17.101478904721464,21.499124266582356
17.241666666666667,17.24678932862221,21.712392617632673
15.741666666666667,17.381702758628382,21.932877180963715
17.875,17.537580190220705,22.154361154487166
18.291666666666668,17.71349489556486,22.346289205070576
18.333333333333332,17.89132352353405,22.53414342331726
14.541666666666666,18.033297910614817,22.720538149753306
12.375,18.05281911491215,22.882197925977348
14.875,18.093686297053633,22.99792504075781
14.083333333333334,18.155363754858048,23.08429707304222
14.166666666666666,18.208114583519908,23.151759119417488
11.958333333333334,18.236754228407474,23.204749449549123
13.0,18.231001982272613,23.234838856815966
12.458333333333334,18.244761820327554,23.24029869693263
17.958333333333332,18.333408873969034,23.199808711685677
17.625,18.47488307174314,23.132255909372475
17.25,18.62031572417564,23.057513201819877
14.5,18.697782702332955,22.94880301868368
12.916666666666666,18.68568733706783,22.82586057433396
14.291666666666666,18.676558537543425,22.69010195752365
15.291666666666666,18.698680341162838,22.56053107114838
15.333333333333334,18.729948334655326,22.44933813698663
17.333333333333332,18.79906840141737,22.34789655168186
15.333333333333334,18.846041793461673,22.270865133173846
15.833333333333334,18.866882206870116,22.215088461831865
15.166666666666666,18.889642650558432,22.197906315383012
17.958333333333332,18.919226758944912,22.217266665189012
21.625,19.066298053157556,22.2445409143233
25.291666666666668,19.315749715662044,22.313573662121755
19.166666666666668,19.547612586222392,22.427973083287128
16.833333333333332,19.57493899850713,22.55953503735906
16.333333333333332,19.600490394164677,22.741536488591517
17.7625,19.630253267348028,22.972464240645834
20.625,19.73380489914236,23.24139115847666
18.541666666666668,19.895656691458928,23.54840419113438
17.166666666666668,19.95161131355221,23.88769577390488
17.541666666666668,20.012114217730286,24.249908156353097
18.458333333333332,20.124203102199182,24.62650893160551
16.25,20.207494888215198,24.999318794092343
15.166666666666666,20.24214322105841,25.3377197663024
16.166666666666668,20.283280929205237,25.634220040505117
15.541666666666666,20.339010900751706,25.88133891283724
17.666666666666668,20.42856815661111,26.051877948510747
16.875,20.53367635607712,26.172319780381816
14.791666666666666,20.582615865508945,26.2416788077754
16.791666666666668,20.631142403515046,26.2576231567226
18.958333333333332,20.74545698087141,26.23821392651567
21.0,20.915829099946425,26.1810077666006
18.25,21.068546623012267,26.066230507243535
16.708333333333332,21.130784445975376,25.919661233137564
17.458333333333332,21.169114227493225,25.732343382302655
18.416666666666668,21.232971574188166,25.50036424039422
15.458333333333334,21.246643885816365,25.2706061878386
16.25,21.21359710745948,25.058364170866284
18.833333333333332,21.237103083442875,24.868905978790156
21.583333333333332,21.35592660796061,24.707457661890682
20.5,21.448005328121216,24.575065367463292
21.166666666666668,21.547664345958065,24.491896455220346
22.333333333333332,21.65070327999895,24.451838460159394
24.083333333333332,21.80337577517638,24.467602789760033
22.625,21.95170660482944,24.552725874122842
19.333333333333332,22.020975509606014,24.7020233263792
20.874999999999996,22.0540065425749,24.887249786184118
17.583333333333332,22.07434701993263,25.134123557233906
19.75,22.0839922890697,25.4403839275072
19.875,22.16312378067523,25.791344601913803
18.208333333333332,22.200034021254595,26.152069338421438
18.416666666666668,22.227959478722653,26.501123035828954
19.5,22.288058138875765,26.855823211343374
19.541666666666668,22.36139546436066,27.206746703659192
19.666666666666668,22.454939526874096,27.550970462106378
21.208333333333332,22.577305163675465,27.875310022875823
20.333333333333332,22.726009194671445,28.18072388979949
18.291666666666668,22.81727295423241,28.438159839527003
18.5,22.88153494834369,28.660832482725013
18.958333333333332,22.963539022551945,28.837945310544395
18.958333333333332,23.060033577793988,28.930241612937156
17.625,23.106787150075274,28.928789921962018
16.791666666666668,23.132134507993985,28.888070484004825
17.833333333333332,23.154696206448065,28.810591505041042
17.583333333333332,23.199914290030247,28.708795372211195
17.958333333333332,23.230662024358406,28.58320800429225
19.041666666666668,23.262587076104406,28.41993621032321
22.125,23.36033052500302,28.192112183805218
23.208333333333332,23.49570070966702,27.947867402334627
19.625,23.614461625699693,27.714507209919052
15.75,23.56247596449951,27.47154966934502
16.208333333333332,23.463250205273965,27.20228137777355
18.208333333333332,23.419528633156006,26.915745614414007
16.75,23.354546393668382,26.62127410657229
16.916666666666668,23.26452736788998,26.36933506241859
18.291666666666668,23.212379582988675,26.17785304307208
17.833333333333332,23.167222615678885,26.035246652710793
15.5,23.077461813126373,25.881039311819425
18.425,22.970807506248914,25.723296526010163
17.875,22.934504175370083,25.631996200656687
18.333333333333332,22.88690592021403,25.6200693841932
16.916666666666668,22.8400654962776,25.68376742906638
17.125,22.76858481467623,25.795025578042466
16.875,22.706131767014,25.896418499133897
15.208333333333334,22.618292434385683,26.02633267854422
15.708333333333334,22.52547068321448,26.185671609517488
18.833333333333332,22.509041557820897,26.35811556965788
18.083333333333332,22.529692304092677,26.517978401522498
19.833333333333332,22.568859580135626,26.668330723419853
14.375,22.55498372561664,26.754945864644032
15.083333333333334,22.445981452744263,26.814573705970663
15.125,22.392866722260223,26.876006454728838
16.591666666666665,22.357312660142764,26.927552145314987
18.233333333333334,22.37618129698447,26.969063029924172
10.512500000000001,22.292195197279856,27.023044065819374
12.441666666666668,22.1530289587193,27.079237966525284
20.066666666666666,22.149327017868362,27.07761864003453
19.833333333333332,22.24947428887484,26.98686367723768
15.083333333333334,22.274999874306477,26.81036114806947
12.208333333333334,22.167288374918048,26.593474262373377
11.3125,22.003935662964675,26.33522738143685
11.508333333333335,21.82728774192597,26.060794171530898
12.125,21.668178857568066,25.79764259054481
15.5,21.57222602307112,25.558484777794195
17.083333333333332,21.563818227647634,25.35118558216722
14.166666666666666,21.539965504399806,25.175923094760805
12.625,21.402589081155185,25.016423313025385
11.983333333333334,21.26577564647229,24.888689508093425
14.137500000000001,21.150365977675893,24.756839003351534
13.708333333333334,21.06365371925101,24.649149781950126
12.708333333333334,20.955373038164357,24.558977398888903
13.416666666666666,20.84114253424352,24.44590212557276
15.875,20.788008374852755,24.347510679647836
16.666666666666668,20.78485302712675,24.20498588903136
14.916666666666666,20.754789571099895,24.0433066342955
12.416666666666666,20.640995147841707,23.84329613328549
12.3125,20.502794993331147,23.661216920358275
12.958333333333334,20.381770813288522,23.511747832794764
12.25,20.272485439296904,23.37724642194088
11.291666666666666,20.11982857045481,23.27296389563054
10.666666666666666,19.958835799495123,23.166790978004546
10.458333333333334,19.784596134232263,23.051849681794934
11.166666666666666,19.637277374150802,22.931536830079082
12.5,19.52227314370901,22.77816397844674
12.125,19.416277636643038,22.571993930718367
13.041666666666666,19.317318267118207,22.32663160299887
12.791666666666666,19.227597894190172,22.04047252482502
11.541666666666666,19.099906915209143,21.719514681039353
12.5,18.976857631786697,21.412358595839518
13.958333333333334,18.90239899760755,21.07886600357239
12.958333333333334,18.801779915048794,20.718790239020212
12.75,18.694661076142026,20.34404813521166
9.041666666666666,18.5074952669253,19.99118869829536
11.458333333333334,18.30122540768387,19.71376567037724
14.333333333333334,18.201208951301783,19.510954117678025
13.666666666666666,18.137512348055125,19.3835761423051
13.291666666666666,18.030705132660547,19.330544818787693
14.75,17.972324911799834,19.303792737710886
12.258333333333333,17.891181045158003,19.331101752173726
5.483333333333333,17.65988347624797,19.418525992852587
6.870833333333334,17.380333126125322,19.54297669274784
9.316666666666666,17.188411073693324,19.642482294617896
10.041666666666666,17.056966727964824,19.717436181957428
10.583333333333334,16.95001777616208,19.745051590094356
10.5625,16.855653388876036,19.715495715274074
10.375,16.76377445167449,19.624362180952357
10.833333333333334,16.678728404082086,19.487304129844446
11.625,16.604866191248693,19.35445361372367
10.583333333333334,16.536739634220357,19.201239264246706
11.0,16.465101958048823,19.059245844099078
9.791666666666666,16.372046066371887,18.883604606315874
8.708333333333334,16.23421304114477,18.710738055177426
9.125,16.098233345539445,18.53082425899342
12.75,16.040873553822653,18.34117650759264
12.958333333333334,16.019908759481552,18.15154036749437
11.25,15.993001181400986,17.943257095812836
7.125,15.81614267789889,17.705515510183083
10.25,15.69090226992814,17.438570380754516
9.75,15.562554726761613,17.174828749260218
11.291666666666666,15.476267917016814,16.939855963008934
8.75,15.381347508774269,16.73960149781364
4.9125,15.159827138546532,16.586528134558083
5.3374999999999995,14.904069389345473,16.473292223003583
5.125,14.681566903852103,16.377213641884854
4.791666666666667,14.446154068587745,16.29504773297036
6.125,14.226397028606707,16.23256764037735
9.875,14.130485410052275,16.146713681540152
6.625,14.035948727094075,16.05613964835168
3.75,13.823552496605918,15.932264009280942
8.858333333333334,13.681718599068319,15.779754653769402
10.083333333333334,13.628652275828692,15.638163361583686
8.833333333333334,13.570996716253873,15.497896356851802
10.583333333333334,13.502008751968113,15.350211631829646
12.625,13.536547812977131,15.182264707097795
12.75,13.544650740361641,15.017087217712886
10.083333333333334,13.5604330051395,14.845019335900313
7.583333333333333,13.425552259912706,14.703440008589418
7.791666666666667,13.316853818124272,14.562936474934242
6.666666666666667,13.179248482334623,14.415575100944396
3.9583333333333335,12.976923017699574,14.271396905150873
2.75,12.733676173197756,14.155834169936961
1.9166666666666667,12.466806805498566,14.057448113629809
4.583333333333333,12.259103070157892,13.957959922524614
3.6666666666666665,12.08399123358499,13.83118390623408
2.8333333333333335,11.876913548233084,13.69009757802825
3.5,11.671524002884466,13.555591630399478
3.7916666666666665,11.499421010097356,13.399448265750438
2.875,11.33142146405409,13.240424611187189
1.5416666666666667,11.101938206299023,13.09727877790135
1.7916666666666667,10.91630929465562,12.956454755668323
3.9583333333333335,10.711081347669792,12.817521557682417
2.8333333333333335,10.598464524175633,12.684304792877816
7.958333333333333,10.498623783996612,12.514320079671847
8.208333333333334,10.515941982011915,12.317168874268637
7.375,10.473933896522007,12.112056430626588
11.458333333333334,10.50301292512033,11.920578244314449
10.666666666666666,10.574756785924546,11.756602139075865
8.5,10.582864749559027,11.593771273538977
8.25,10.546895361099718,11.457864523369565
8.041666666666666,10.500064870016255,11.323286216304085
