0.37083333333333335,7.878801151668539,18.00112635290037
9.241666666666665,6.693242751713534,18.002223702926745
10.329166666666667,7.6763153638216854,18.002600696413886
6.779166666666665,7.885807013367084,18.003170869812827
8.554166666666665,7.878041074381765,18.004209292541283
10.262500000000001,8.433748779745502,18.005376187121396
7.795833333333332,8.52456540185126,18.006856752234068
8.245833333333334,8.448486602364737,18.007335601075134
4.916666666666667,7.814923363194925,18.00863819967918
3.6875,6.596057343336952,18.011023327646168
8.600000000000001,6.512588828579385,18.011806412315185
8.012500000000001,7.067345725001679,18.011506749159597
4.941666666666666,6.7875068485159815,18.01090031305134
4.2125,6.156413102460063,18.012797562689173
6.2749999999999995,6.005594221711424,18.014466057927226
4.816666666666666,5.820950918247463,18.016948325089608
5.170833333333333,5.610420892021728,18.019798190126266
6.241666666666667,5.7059634278312865,18.020749549823286
6.370833333333333,5.90296911043556,18.020905313036256
2.779166666666667,5.365582220445686,18.021524106920843
7.466666666666669,5.352191352104402,18.023398226785677
6.345833333333332,5.826108192484281,18.025395584464764
5.3625,5.808998453499188,18.027826009262217
3.2708333333333335,5.378914781156451,18.030365130026635
2.0541666666666667,4.493402275965458,18.032598232366535
4.058333333333333,4.128219043179197,18.03498065210802
2.291666666666667,3.8303307076597464,18.03853070276431
5.258333333333332,3.9143715470474665,18.041187355562094
11.541666666666666,5.910181170021061,18.040865992513545
12.829166666666667,8.379298006176741,18.040266308862602
11.65,9.705770493719767,18.039745166019944
4.05,8.834211592128199,18.041256775358665
4.795833333333333,7.327798697363082,18.042189663595295
2.8958333333333335,6.05004871293,18.043426457389153
6.941666666666667,5.726002618808096,18.0433074961008
5.283333333333333,5.85847889814723,18.045134970264833
7.645833333333335,6.0759441001063195,18.047646304349787
9.316666666666668,6.822815808767706,18.04757372090583
2.3833333333333333,5.920900258723916,18.04887137669922
8.466666666666667,5.7337764070889286,18.050561648498487
8.408333333333333,6.62325413711001,18.050738714583968
6.8625,6.909313780950836,18.04970379350795
11.729166666666666,7.86816428785131,18.049903072290963
6.066666666666666,8.199654553639016,18.049816437532638
3.8375,7.118531230762152,18.05242845606475
4.2749999999999995,6.238823259766192,18.056517246273728
5.270833333333333,5.920509707359791,18.058407548810134
7.675000000000002,6.143874275443068,18.05838763914505
9.879166666666666,7.032964323375915,18.05825558718575
6.312499999999999,7.268907026831582,18.058320752520025
7.875,7.306879163772124,18.058509763501867
10.016666666666666,7.912881600328686,18.06046815275612
9.966666666666667,8.567600426262265,18.06255987789225
10.35,8.984988464170128,18.06316083833837
8.395833333333334,9.124374840208127,18.064882624748535
8.979166666666668,9.055167233221953,18.066154239944197
7.620833333333333,8.883189776657998,18.06841138806032
6.679166666666666,8.340742252414207,18.071601875102242
9.083333333333334,8.258805848602742,18.075568485112324
9.358333333333333,8.659183509979446,18.079493707090183
6.166666666666667,8.2466711798805,18.084970330793
6.708333333333333,7.784870409880216,18.09026100982799
6.625,7.3938061500683885,18.09509458956644
7.375,7.24976999132808,18.100599289634697
9.166666666666666,7.76456543271854,18.10632500491307
10.958333333333334,8.584711834836712,18.1128195985398
10.083333333333334,9.33922619333038,18.11894533795387
8.208333333333334,9.18131961641805,18.122802745897694
9.25,9.198160926575587,18.12747644584635
8.5,8.832818309333643,18.134725775741863
9.958333333333334,9.157519993264655,18.142227451912284
8.75,9.387530269131252,18.149762020272735
6.041666666666667,8.545036618473501,18.154569388317636
6.291666666666667,8.013438554510374,18.156529989211794
6.916666666666667,7.695963658380624,18.15918377138551
8.416666666666666,7.702302388945772,18.164314183260476
6.833333333333333,7.77363739322519,18.1697215003414
7.291666666666667,7.696021603634162,18.17280775167936
7.333333333333333,7.534561631675597,18.17542102306589
7.875,7.774873488000757,18.178449331897372
6.0,7.513224742927593,18.17991943186347
7.708333333333333,7.183493821333074,18.183955707543454
7.666666666666667,7.6134212167427995,18.190298124926944
6.25,7.23346218900918,18.19726106259966
8.208333333333334,7.287514876654099,18.202532767412702
8.791666666666666,7.820885330830912,18.208072708986027
11.458333333333334,8.647416136298949,18.212784361456308
11.291666666666666,9.668135730761824,18.214206838697717
9.583333333333334,9.83705498877846,18.218404473114155
10.862499999999999,10.217523552039227,18.224216045733744
8.308333333333334,9.603707847122745,18.231171999747193
7.083333333333333,9.258370252364854,18.23609271427536
5.583333333333333,8.270115034701696,18.240068236205
6.833333333333333,7.48748223041036,18.244949365429594
10.125,7.9660690447040485,18.250266343006945
8.958333333333334,8.536000054449051,18.254405963341547
9.291666666666666,8.667138571007019,18.256043340602314
10.208333333333334,9.004848807053698,18.258352341574533
9.625,9.416542488290808,18.26114765103949
8.458333333333334,9.308990334533187,18.265928932112736
6.75,8.577720464480537,18.272262693832644
7.0,7.9892418394462,18.277637073650904
5.666666666666667,7.468919109354624,18.28211365128043
5.791666666666667,6.7875870016194,18.287418544009007
8.916666666666666,7.133862941468589,18.293941635126558
11.458333333333334,8.296477071491147,18.30142259999647
12.375,9.756839959753618,18.309608939374915
14.041666666666666,11.171382813268188,18.317497600122206
15.541666666666666,12.78509314406739,18.325710945316015
16.25,14.215237692278599,18.33421081770402
15.291666666666666,15.007167864888482,18.342766197736697
15.416666666666666,15.146505020992167,18.35122208355898
14.875,15.450455689955719,18.359704099580643
13.791666666666666,15.167128455366269,18.36669060357626
12.791666666666666,14.478895113447143,18.371869619548153
12.458333333333334,13.820434850396117,18.377678228538603
10.666666666666666,13.156360240988812,18.382647707841254
10.875,12.44536968615384,18.386738456886565
10.583333333333334,11.825258665700035,18.390767609549055
11.35,11.621979970719424,18.39668953690796
15.233333333333334,12.35502921445976,18.404401722842
14.708333333333334,13.360778018984993,18.412205832087995
12.5,13.626154626494909,18.419816230395433
10.833333333333334,12.83062889612084,18.42624921052954
14.75,13.003150967006889,18.431128458581597
15.520833333333334,13.770693132985405,18.436926905576353
13.083333333333334,14.06717361837764,18.442534001849694
12.375,13.675444850822444,18.448277547701807
12.625,13.210754912528765,18.454821951526537
13.333333333333334,13.219860374480012,18.4617941682806
11.5,12.989377845510491,18.46924038148257
11.708333333333334,12.377351025226696,18.476067679704414
12.666666666666666,12.519023130183156,18.480465838483582
14.958333333333334,12.88130645578505,18.48378472684583
13.041666666666666,13.37078941671488,18.488713572810177
12.625,13.038218728618467,18.494801706989055
12.166666666666666,12.908532713733107,18.50091886303475
13.208333333333334,12.920874777655037,18.506547751888267
13.541666666666666,13.059324944024254,18.51238145879207
14.416666666666666,13.328147301545492,18.518288431049267
14.875,13.873181166277545,18.525284782955584
14.625,14.180214337869124,18.532355954602966
16.583333333333332,14.737224810563768,18.539628018139698
16.916666666666668,15.557869891965275,18.54763333458291
16.125,15.938279914232078,18.555403550066014
14.416666666666666,15.940153869074365,18.562747922034188
12.791666666666666,14.937295690784952,18.5683097443493
18.291666666666668,15.25875471396145,18.57290685936965
17.708333333333332,16.447484988570547,18.579510914662922
16.416666666666668,16.479657355652733,18.58731900477634
17.241666666666667,16.59740608191991,18.595131274342226
15.741666666666667,16.499283716144532,18.602990388602684
17.875,16.7598431354744,18.609863572852984
18.291666666666668,17.213530131599523,18.616578240609886
18.333333333333332,17.62323792480323,18.624401181973877
14.541666666666666,17.4991146929547,18.63174486309675
12.375,15.983332497919731,18.637570848413535
14.875,15.320784552663325,18.643491383441994
14.083333333333334,14.98251924800001,18.650159197413892
14.166666666666666,14.700002186021502,18.657178621458865
11.958333333333334,14.251545809639884,18.664165248332484
13.0,13.653502461753199,18.670990417187724
12.458333333333334,13.454019924424564,18.677044797261352
17.958333333333332,14.185463677896479,18.682525635701783
17.625,15.375267432958195,18.6896754894877
17.25,16.256765326502055,18.69625825351947
14.5,16.229930954974762,18.701897356568892
12.916666666666666,15.33900813937923,18.70807910743341
14.291666666666666,14.87751614370933,18.7140643502002
15.291666666666666,14.86925948817678,18.720745289364192
15.333333333333334,14.993906998454515,18.72751441580832
17.333333333333332,15.54164569029417,18.734170146728086
15.333333333333334,15.779338231608255,18.74077266821585
15.833333333333334,15.703903816752186,18.747547803575895
15.166666666666666,15.661299781993472,18.754951851450986
17.958333333333332,15.858427282731055,18.761145263236468
21.625,17.549735557440176,18.7675962667363
25.291666666666668,20.17455611713915,18.775751809208757
19.166666666666668,21.568033176674714,18.78255852235824
16.833333333333332,19.92786838619028,18.789411847469932
16.333333333333332,18.850972994524998,18.797481743897446
17.7625,18.145435219500325,18.805190329401483
20.625,18.540857185794835,18.81303168944355
18.541666666666668,19.437340467283217,18.82116925534143
17.166666666666668,18.730944147507802,18.829100106620132
17.541666666666668,18.15540864717995,18.83705302335278
18.458333333333332,18.283400809963904,18.844868810254912
16.25,18.063697833244515,18.851736531426482
15.166666666666666,17.35747773903258,18.857861716003544
16.166666666666668,16.85078330990563,18.864180577935453
15.541666666666666,16.549204931720507,18.8698030719835
17.666666666666668,16.648196117429414,18.875585430503115
16.875,16.876741749899193,18.882460843514
14.791666666666666,16.460045976591932,18.888907989616964
16.791666666666668,16.257011713450883,18.89588991067141
18.958333333333332,16.871034679184888,18.903594800621327
21.0,18.01567034585454,18.90993927707652
18.25,18.730239035906234,18.916466714359405
16.708333333333332,18.364734274452374,18.92309880900473
17.458333333333332,18.004620792429066,18.928479218851994
18.416666666666668,18.068660273901106,18.934702101454814
15.458333333333334,17.61392748291139,18.942313553383816
16.25,16.92258589453982,18.949733603894675
18.833333333333332,17.177809896157655,18.95736955932057
21.583333333333332,18.479955045680413,18.964761446056283
20.5,19.26333395552179,18.972538399962016
21.166666666666668,19.95431045565397,18.98041485503794
22.333333333333332,20.542363646446702,18.98801553689296
24.083333333333332,21.556293431736723,18.996284201164833
22.625,22.27043629962991,19.004874971876962
19.333333333333332,21.85271312611385,19.012360792455134
20.874999999999996,21.198458966445692,19.019825862784923
17.583333333333332,20.313338656463802,19.028351940533515
19.75,19.70956156016172,19.036766276464274
19.875,20.028969214033285,19.044457356932664
18.208333333333332,19.666939356325738,19.050885254671844
18.416666666666668,19.230221114440607,19.057765099385445
19.5,19.201180475504177,19.06554413051109
19.541666666666668,19.214110109795367,19.073411062281963
19.666666666666668,19.4060309985399,19.08126886947755
21.208333333333332,19.83002248018612,19.08938096220638
20.333333333333332,20.35286947858142,19.09704956608503
18.291666666666668,20.008161766086193,19.104399149967097
18.5,19.495119320958725,19.112408211299456
18.958333333333332,19.308282443126636,19.11905040203572
18.958333333333332,19.345656660741117,19.124187342968
17.625,18.88933422765692,19.13061126032879
16.791666666666668,18.325101999457562,19.138740197703463
17.833333333333332,17.98983978475341,19.146723933757528
17.583333333333332,18.01379348171221,19.155045019598333
17.958333333333332,17.992092559147935,19.162749695647367
19.041666666666668,18.08852920171557,19.168805601900022
22.125,18.95467608350677,19.174924524960133
23.208333333333332,20.367454738613436,19.183249703223343
19.625,21.24055111599457,19.191203159619086
15.75,19.818060106265126,19.197090035694497
16.208333333333332,18.50413433900597,19.202414569469624
18.208333333333332,18.29558132213201,19.20759179518482
16.75,17.986791200933883,19.214054661213144
16.916666666666668,17.506314510474674,19.222147523627253
18.291666666666668,17.6502327067265,19.230404798324027
17.833333333333332,17.83515915927644,19.236289761765004
15.5,17.577474650792734,19.240045371753485
18.425,17.306195071492947,19.246220993563785
17.875,17.75070375229751,19.254870904120917
18.333333333333332,17.897729505232814,19.263555116446458
16.916666666666668,17.9584732052938,19.27175678009687
17.125,17.685566469165394,19.27732768041941
16.875,17.487302741411124,19.282765130569544
15.208333333333334,16.89119492892745,19.289680468915147
15.708333333333334,16.313097671802904,19.29663046103271
18.833333333333332,16.759954241259212,19.30252733182468
18.083333333333332,17.40634056385967,19.30854054691274
19.833333333333332,17.92658654825202,19.313281994503214
14.375,17.650727840108907,19.317232511883656
15.083333333333334,16.352907878809713,19.323999960998115
15.125,16.018823721182635,19.330961731764784
16.591666666666665,16.028398150748625,19.337486960228286
18.233333333333334,16.63760785614032,19.34507946607416
10.512500000000001,15.380930347187302,19.353313788039838
12.441666666666668,14.33979047193577,19.35965670888108
20.066666666666666,15.25599884314632,19.3632485884656
19.833333333333332,16.83170499553071,19.366065803319582
15.083333333333334,17.06633981021195,19.370061350004896
12.208333333333334,15.918819209877716,19.375060798534182
11.3125,14.532791596908865,19.38016040166218
11.508333333333335,13.409768580828162,19.386696162966754
12.125,12.761119247722919,19.394257838024913
15.5,13.240212110593903,19.402001355547267
17.083333333333332,14.66117648627081,19.409967539056115
14.166666666666666,15.35736693129787,19.416906005969313
12.625,14.350528088911792,19.42403493713692
11.983333333333334,13.700407576168978,19.43032271690369
14.137500000000001,13.596974703003573,19.435958562699543
13.708333333333334,13.757457083901473,19.442908256666897
12.708333333333334,13.653341830749717,19.44804209320259
13.416666666666666,13.453361476839637,19.45382306251025
15.875,13.92294265955209,19.45852120892806
16.666666666666668,14.711159857076426,19.462122142330283
14.916666666666666,15.062158927383782,19.4657074642793
12.416666666666666,14.39278282823873,19.469768680200158
12.3125,13.6371564616201,19.476488041300158
12.958333333333334,13.369062465766213,19.48252575729452
12.25,13.285793462907492,19.488372628802825
11.291666666666666,12.752488305149386,19.49368650229551
10.666666666666666,12.261676927565992,19.497932783293717
10.458333333333334,11.686243726036375,19.502088708947834
11.166666666666666,11.536009279902693,19.50581896571017
12.5,11.660422903705205,19.50783761334879
12.125,11.826254786654262,19.50977765572581
13.041666666666666,12.021776023889856,19.512239532207953
12.791666666666666,12.26982208798742,19.514381263002583
11.541666666666666,12.108958976300597,19.51808195560556
12.5,12.137614687623477,19.521478962931408
13.958333333333334,12.609368622423693,19.522680529861564
12.958333333333334,12.758903079912427,19.52432402365625
12.75,12.851452479732162,19.526705435746347
9.041666666666666,12.024171995288798,19.53124180643795
11.458333333333334,11.333514705926662,19.536849177099672
14.333333333333334,11.94711551843988,19.542071018431077
13.666666666666666,12.703666352553372,19.547680908041283
13.291666666666666,12.82515776555676,19.55163597440368
14.75,13.262738789230923,19.554848274050062
12.258333333333333,13.3351256666635,19.559607592303518
5.483333333333333,11.17609021027386,19.564368989718663
6.870833333333334,9.377590754828557,19.566607821513013
9.316666666666666,9.141639873894917,19.567908541084922
10.041666666666666,9.35211733781387,19.569462251869393
10.583333333333334,9.616787458202667,19.57029701231492
10.5625,9.875790875091084,19.571137013289416
10.375,10.032619645971709,19.57223813204371
10.833333333333334,10.193344960960674,19.575436724805474
11.625,10.44064339352634,19.578402840955345
10.583333333333334,10.652479297917887,19.58103194680692
11.0,10.807488863141707,19.582648166994748
9.791666666666666,10.754167803781224,19.584251437250664
8.708333333333334,10.205774821316552,19.58670748204472
9.125,9.823690064903861,19.5890943671435
12.75,10.301387285632009,19.5916946740815
12.958333333333334,11.002390889675334,19.5933971806316
11.25,11.474754397998105,19.594290478629176
7.125,10.154278502652431,19.59519786505626
10.25,9.938034153637789,19.59642530831613
9.75,9.823817513221833,19.59895531915085
11.291666666666666,10.149632451777695,19.60156915202752
8.75,10.304485181799661,19.60403645433669
4.9125,8.955219151927041,19.606608096459784
5.3374999999999995,7.672667450386089,19.60803277800819
5.125,7.165101278138617,19.60885538783933
4.791666666666667,6.520828010258789,19.610546576337686
6.125,6.06632177986415,19.611643288318206
9.875,6.917148218826365,19.612694647991784
6.625,7.4999298888506845,19.61376782750876
3.75,6.6346990950714035,19.614387944048023
8.858333333333334,6.7283882939748905,19.615214787090835
10.083333333333334,7.615469826970496,19.616075254767278
8.833333333333334,8.190896159405654,19.616147531241406
10.583333333333334,8.547305022830537,19.61623356223163
12.625,9.97624460981375,19.616582360801445
12.75,10.627824858000201,19.616854793568887
10.083333333333334,11.239255440183243,19.617451335863212
7.583333333333333,10.00845812833986,19.618493894663203
7.791666666666667,9.541500012530948,19.61829795631994
6.666666666666667,8.9833399133584,19.617702244865963
3.9583333333333335,7.655896976875327,19.61898278585101
2.75,6.149339494350056,19.621902397052466
1.9166666666666667,4.697314274394267,19.624157636241417
4.583333333333333,4.39724280245692,19.625254975594444
3.6666666666666665,4.448781430363446,19.624891269325953
2.8333333333333335,4.184822243986695,19.625744756859344
3.5,3.8864246026915996,19.626512520817453
3.7916666666666665,3.921932807619207,19.626026480180098
2.875,3.8973599648116495,19.627855637429693
1.5416666666666667,3.0907565511474737,19.630220351740423
1.7916666666666667,2.9583170023360483,19.6313250341746
3.9583333333333335,2.689077744871543,19.63414600399206
2.8333333333333335,3.389484636097034,19.63607615946408
7.958333333333333,4.071522740315413,19.636639841380237
8.208333333333334,5.731176334921115,19.636712323714296
7.375,6.185298755807047,19.637992607463158
11.458333333333334,7.364809879154541,19.640048917376173
10.666666666666666,8.676137026282909,19.640452440324484
8.5,8.936271196272108,19.64020900127228
8.25,8.818085276329526,19.640505414071594
8.041666666666666,8.644613520734433,19.64109689285908
